68 2 1
161 2 1
197 2 1
205 2 1
16 3 1
49 3 1
81 3 1
114 3 1
225 3 1
248 3 1
46 4 1
29 5 1
38 5 1
143 5 1
197 5 1
198 5 1
218 5 1
74 6 1
14 7 1
16 7 1
41 7 1
46 7 1
63 7 1
81 7 1
111 7 1
121 7 1
140 7 1
150 7 1
156 7 1
164 7 1
168 7 1
184 7 1
204 7 1
205 7 1
214 7 1
233 7 1
237 7 1
245 7 1
174 8 1
197 8 1
81 9 1
183 9 1
41 10 1
80 10 1
81 10 1
168 10 1
197 10 1
205 10 1
218 10 1
241 10 1
82 11 1
141 11 1
183 11 1
197 11 1
205 11 1
229 11 1
241 11 1
28 12 1
101 12 1
197 12 1
233 12 1
16 13 1
19 13 1
29 13 1
46 13 1
50 13 1
150 13 1
155 13 1
174 13 1
182 13 1
197 13 1
202 13 1
214 13 1
218 13 1
225 13 1
237 13 1
7 14 1
19 14 1
81 14 1
174 14 1
183 14 1
197 14 1
205 14 1
81 15 1
103 15 1
134 15 1
174 15 1
182 15 1
193 15 1
218 15 1
219 15 1
3 16 1
7 16 1
13 16 1
46 16 1
49 16 1
63 16 1
96 16 1
98 16 1
99 16 1
105 16 1
149 16 1
197 16 1
202 16 1
205 16 1
213 16 1
218 16 1
249 16 1
19 18 1
81 18 1
83 18 1
91 18 1
197 18 1
205 18 1
13 19 1
14 19 1
18 19 1
27 19 1
29 19 1
41 19 1
46 19 1
64 19 1
70 19 1
73 19 1
74 19 1
81 19 1
88 19 1
89 19 1
91 19 1
111 19 1
119 19 1
121 19 1
126 19 1
133 19 1
140 19 1
143 19 1
149 19 1
168 19 1
173 19 1
174 19 1
181 19 1
183 19 1
193 19 1
197 19 1
204 19 1
205 19 1
208 19 1
214 19 1
217 19 1
219 19 1
225 19 1
232 19 1
241 19 1
255 19 1
218 20 1
19 27 1
36 27 1
98 27 1
197 27 1
12 28 1
134 28 1
218 28 1
5 29 1
13 29 1
19 29 1
46 29 1
49 29 1
54 29 1
70 29 1
81 29 1
83 29 1
91 29 1
99 29 1
126 29 1
133 29 1
164 29 1
174 29 1
181 29 1
182 29 1
197 29 1
218 29 1
225 29 1
226 29 1
237 29 1
83 30 1
101 30 1
237 31 1
161 32 1
205 32 1
46 34 1
140 34 1
164 34 1
193 34 1
197 34 1
27 36 1
218 36 1
5 38 1
183 38 1
197 38 1
133 39 1
77 40 1
126 40 1
153 40 1
161 40 1
214 40 1
248 40 1
7 41 1
10 41 1
19 41 1
74 41 1
77 41 1
81 41 1
82 41 1
94 41 1
98 41 1
167 41 1
197 41 1
202 41 1
205 41 1
214 41 1
218 41 1
241 41 1
249 41 1
46 45 1
91 45 1
193 45 1
4 46 1
7 46 1
13 46 1
16 46 1
19 46 1
29 46 1
34 46 1
45 46 1
49 46 1
50 46 1
64 46 1
68 46 1
74 46 1
81 46 1
91 46 1
95 46 1
98 46 1
100 46 1
114 46 1
128 46 1
137 46 1
141 46 1
161 46 1
167 46 1
168 46 1
169 46 1
173 46 1
174 46 1
178 46 1
183 46 1
184 46 1
193 46 1
197 46 1
198 46 1
205 46 1
209 46 1
214 46 1
217 46 1
218 46 1
219 46 1
228 46 1
229 46 1
241 46 1
245 46 1
193 47 1
198 47 1
205 47 1
218 47 1
241 47 1
155 48 1
3 49 1
16 49 1
29 49 1
46 49 1
74 49 1
84 49 1
94 49 1
100 49 1
111 49 1
120 49 1
140 49 1
168 49 1
173 49 1
182 49 1
184 49 1
193 49 1
197 49 1
205 49 1
209 49 1
237 49 1
247 49 1
248 49 1
249 49 1
13 50 1
46 50 1
68 50 1
81 50 1
93 50 1
183 50 1
195 50 1
221 50 1
232 50 1
249 50 1
101 51 1
202 52 1
225 52 1
29 54 1
218 55 1
197 56 1
237 56 1
74 58 1
90 59 1
197 59 1
205 59 1
241 59 1
64 60 1
98 60 1
133 60 1
197 60 1
218 60 1
223 60 1
98 62 1
174 62 1
197 62 1
202 62 1
7 63 1
16 63 1
19 64 1
46 64 1
60 64 1
197 64 1
221 64 1
140 65 1
81 66 1
93 66 1
197 66 1
2 68 1
46 68 1
50 68 1
90 68 1
91 68 1
100 68 1
121 68 1
133 68 1
134 68 1
159 68 1
174 68 1
197 68 1
205 68 1
211 68 1
214 68 1
219 68 1
233 68 1
241 68 1
19 70 1
29 70 1
126 70 1
161 70 1
197 70 1
241 70 1
76 71 1
133 71 1
140 71 1
205 71 1
237 71 1
248 71 1
19 73 1
90 73 1
6 74 1
19 74 1
41 74 1
46 74 1
49 74 1
58 74 1
80 74 1
81 74 1
101 74 1
111 74 1
114 74 1
120 74 1
139 74 1
140 74 1
153 74 1
155 74 1
168 74 1
174 74 1
181 74 1
197 74 1
205 74 1
213 75 1
71 76 1
133 76 1
40 77 1
41 77 1
241 77 1
10 80 1
74 80 1
81 80 1
84 80 1
90 80 1
113 80 1
161 80 1
205 80 1
249 80 1
3 81 1
7 81 1
9 81 1
10 81 1
14 81 1
15 81 1
18 81 1
19 81 1
29 81 1
41 81 1
46 81 1
50 81 1
66 81 1
74 81 1
80 81 1
90 81 1
91 81 1
95 81 1
98 81 1
101 81 1
111 81 1
121 81 1
126 81 1
143 81 1
163 81 1
164 81 1
168 81 1
170 81 1
173 81 1
174 81 1
183 81 1
191 81 1
197 81 1
202 81 1
205 81 1
211 81 1
214 81 1
218 81 1
225 81 1
226 81 1
229 81 1
232 81 1
234 81 1
241 81 1
245 81 1
248 81 1
249 81 1
255 81 1
11 82 1
41 82 1
156 82 1
18 83 1
29 83 1
30 83 1
111 83 1
143 83 1
168 83 1
218 83 1
49 84 1
80 84 1
174 85 1
197 85 1
114 86 1
174 86 1
19 88 1
19 89 1
59 90 1
68 90 1
73 90 1
80 90 1
81 90 1
94 90 1
111 90 1
119 90 1
121 90 1
133 90 1
134 90 1
168 90 1
194 90 1
197 90 1
218 90 1
225 90 1
247 90 1
18 91 1
19 91 1
29 91 1
45 91 1
46 91 1
68 91 1
81 91 1
94 91 1
98 91 1
101 91 1
129 91 1
161 91 1
183 91 1
197 91 1
217 91 1
225 91 1
247 91 1
205 92 1
218 92 1
219 92 1
236 92 1
50 93 1
66 93 1
174 93 1
41 94 1
49 94 1
90 94 1
91 94 1
155 94 1
168 94 1
197 94 1
205 94 1
233 94 1
46 95 1
81 95 1
137 95 1
160 95 1
205 95 1
230 95 1
16 96 1
168 96 1
133 97 1
16 98 1
27 98 1
41 98 1
46 98 1
60 98 1
62 98 1
81 98 1
91 98 1
101 98 1
104 98 1
141 98 1
158 98 1
174 98 1
178 98 1
197 98 1
202 98 1
205 98 1
221 98 1
230 98 1
248 98 1
16 99 1
29 99 1
100 99 1
104 99 1
113 99 1
197 99 1
229 99 1
46 100 1
49 100 1
68 100 1
99 100 1
121 100 1
173 100 1
197 100 1
12 101 1
30 101 1
51 101 1
74 101 1
81 101 1
91 101 1
98 101 1
121 101 1
161 101 1
168 101 1
173 101 1
197 101 1
202 101 1
205 101 1
218 101 1
225 101 1
233 101 1
241 101 1
15 103 1
197 103 1
98 104 1
99 104 1
197 104 1
218 104 1
16 105 1
7 111 1
19 111 1
49 111 1
74 111 1
81 111 1
83 111 1
90 111 1
120 111 1
140 111 1
161 111 1
175 111 1
178 111 1
181 111 1
186 111 1
197 111 1
203 111 1
218 111 1
237 111 1
241 111 1
80 113 1
99 113 1
121 113 1
183 113 1
3 114 1
46 114 1
74 114 1
86 114 1
197 114 1
214 114 1
237 114 1
249 114 1
213 118 1
19 119 1
90 119 1
137 119 1
173 119 1
174 119 1
205 119 1
49 120 1
74 120 1
111 120 1
197 120 1
214 120 1
7 121 1
19 121 1
68 121 1
81 121 1
90 121 1
100 121 1
101 121 1
113 121 1
133 121 1
136 121 1
140 121 1
174 121 1
197 121 1
202 121 1
209 121 1
211 121 1
214 121 1
218 121 1
19 126 1
29 126 1
40 126 1
70 126 1
81 126 1
133 126 1
197 126 1
218 126 1
241 126 1
249 126 1
46 128 1
174 128 1
91 129 1
138 129 1
174 129 1
183 129 1
197 129 1
206 129 1
241 129 1
243 130 1
19 133 1
29 133 1
39 133 1
60 133 1
68 133 1
71 133 1
76 133 1
90 133 1
97 133 1
121 133 1
126 133 1
143 133 1
163 133 1
170 133 1
174 133 1
182 133 1
183 133 1
193 133 1
197 133 1
209 133 1
223 133 1
15 134 1
28 134 1
68 134 1
90 134 1
157 134 1
170 134 1
184 134 1
197 134 1
205 134 1
211 134 1
218 134 1
225 134 1
237 134 1
197 135 1
121 136 1
46 137 1
95 137 1
119 137 1
168 137 1
197 137 1
129 138 1
140 138 1
174 138 1
191 138 1
197 138 1
74 139 1
7 140 1
19 140 1
34 140 1
49 140 1
65 140 1
71 140 1
74 140 1
111 140 1
121 140 1
138 140 1
163 140 1
170 140 1
174 140 1
197 140 1
202 140 1
205 140 1
214 140 1
218 140 1
223 140 1
233 140 1
237 140 1
11 141 1
46 141 1
98 141 1
197 142 1
5 143 1
19 143 1
81 143 1
83 143 1
133 143 1
197 143 1
158 144 1
174 144 1
197 144 1
168 146 1
178 146 1
181 146 1
248 146 1
182 147 1
161 148 1
229 148 1
237 148 1
16 149 1
19 149 1
197 149 1
205 149 1
214 149 1
218 149 1
7 150 1
13 150 1
168 150 1
248 150 1
40 153 1
74 153 1
168 153 1
169 153 1
197 153 1
214 153 1
218 153 1
197 154 1
13 155 1
48 155 1
74 155 1
94 155 1
197 155 1
198 155 1
248 155 1
7 156 1
82 156 1
197 156 1
218 156 1
241 156 1
134 157 1
241 157 1
98 158 1
144 158 1
161 158 1
168 158 1
197 158 1
68 159 1
95 160 1
2 161 1
32 161 1
40 161 1
46 161 1
70 161 1
80 161 1
91 161 1
101 161 1
111 161 1
148 161 1
158 161 1
197 161 1
198 161 1
241 161 1
255 161 1
81 163 1
133 163 1
140 163 1
7 164 1
29 164 1
34 164 1
81 164 1
175 164 1
197 164 1
233 164 1
218 166 1
41 167 1
46 167 1
205 167 1
7 168 1
10 168 1
19 168 1
46 168 1
49 168 1
74 168 1
81 168 1
83 168 1
90 168 1
94 168 1
96 168 1
101 168 1
137 168 1
146 168 1
150 168 1
153 168 1
158 168 1
173 168 1
174 168 1
178 168 1
184 168 1
196 168 1
197 168 1
200 168 1
202 168 1
205 168 1
218 168 1
230 168 1
241 168 1
245 168 1
46 169 1
153 169 1
81 170 1
133 170 1
134 170 1
140 170 1
197 170 1
218 170 1
231 170 1
241 170 1
247 170 1
249 170 1
197 172 1
19 173 1
46 173 1
49 173 1
81 173 1
100 173 1
101 173 1
119 173 1
168 173 1
174 173 1
176 173 1
197 173 1
202 173 1
206 173 1
248 173 1
8 174 1
13 174 1
14 174 1
15 174 1
19 174 1
29 174 1
46 174 1
62 174 1
68 174 1
74 174 1
81 174 1
85 174 1
86 174 1
93 174 1
98 174 1
119 174 1
121 174 1
128 174 1
129 174 1
133 174 1
138 174 1
140 174 1
144 174 1
168 174 1
173 174 1
178 174 1
184 174 1
193 174 1
197 174 1
205 174 1
214 174 1
218 174 1
225 174 1
229 174 1
237 174 1
241 174 1
249 174 1
111 175 1
164 175 1
197 175 1
173 176 1
197 177 1
46 178 1
98 178 1
111 178 1
146 178 1
168 178 1
174 178 1
183 178 1
197 178 1
202 178 1
230 178 1
255 178 1
187 180 1
197 180 1
237 180 1
19 181 1
29 181 1
74 181 1
111 181 1
146 181 1
13 182 1
15 182 1
29 182 1
49 182 1
133 182 1
147 182 1
197 182 1
218 182 1
9 183 1
11 183 1
14 183 1
19 183 1
38 183 1
46 183 1
50 183 1
81 183 1
91 183 1
113 183 1
129 183 1
133 183 1
178 183 1
197 183 1
218 183 1
241 183 1
248 183 1
249 183 1
254 183 1
255 183 1
7 184 1
46 184 1
49 184 1
134 184 1
168 184 1
174 184 1
193 184 1
197 184 1
202 184 1
249 184 1
111 186 1
180 187 1
197 187 1
81 191 1
138 191 1
15 193 1
19 193 1
34 193 1
45 193 1
46 193 1
47 193 1
49 193 1
133 193 1
174 193 1
184 193 1
197 193 1
205 193 1
217 193 1
218 193 1
223 193 1
229 193 1
241 193 1
90 194 1
197 194 1
214 194 1
50 195 1
213 195 1
241 195 1
168 196 1
214 196 1
241 196 1
2 197 1
5 197 1
8 197 1
10 197 1
11 197 1
12 197 1
13 197 1
14 197 1
16 197 1
18 197 1
19 197 1
27 197 1
29 197 1
34 197 1
38 197 1
41 197 1
46 197 1
49 197 1
56 197 1
59 197 1
60 197 1
62 197 1
64 197 1
66 197 1
68 197 1
70 197 1
74 197 1
81 197 1
85 197 1
90 197 1
91 197 1
94 197 1
98 197 1
99 197 1
100 197 1
101 197 1
103 197 1
104 197 1
111 197 1
114 197 1
120 197 1
121 197 1
126 197 1
129 197 1
133 197 1
134 197 1
135 197 1
137 197 1
138 197 1
140 197 1
142 197 1
143 197 1
144 197 1
149 197 1
153 197 1
154 197 1
155 197 1
156 197 1
158 197 1
161 197 1
164 197 1
168 197 1
170 197 1
172 197 1
173 197 1
174 197 1
175 197 1
177 197 1
178 197 1
180 197 1
182 197 1
183 197 1
184 197 1
187 197 1
193 197 1
194 197 1
202 197 1
205 197 1
208 197 1
209 197 1
211 197 1
213 197 1
214 197 1
218 197 1
225 197 1
233 197 1
237 197 1
241 197 1
245 197 1
248 197 1
249 197 1
5 198 1
46 198 1
47 198 1
155 198 1
161 198 1
168 200 1
13 202 1
16 202 1
41 202 1
52 202 1
62 202 1
81 202 1
98 202 1
101 202 1
121 202 1
140 202 1
168 202 1
173 202 1
178 202 1
184 202 1
197 202 1
205 202 1
218 202 1
237 202 1
241 202 1
111 203 1
7 204 1
19 204 1
2 205 1
7 205 1
10 205 1
11 205 1
14 205 1
16 205 1
18 205 1
19 205 1
32 205 1
41 205 1
46 205 1
47 205 1
49 205 1
59 205 1
68 205 1
71 205 1
74 205 1
80 205 1
81 205 1
92 205 1
94 205 1
95 205 1
98 205 1
101 205 1
119 205 1
134 205 1
140 205 1
149 205 1
167 205 1
168 205 1
174 205 1
193 205 1
197 205 1
202 205 1
214 205 1
225 205 1
232 205 1
235 205 1
237 205 1
241 205 1
248 205 1
252 205 1
129 206 1
173 206 1
245 206 1
19 208 1
197 208 1
46 209 1
49 209 1
121 209 1
133 209 1
197 209 1
214 209 1
225 209 1
237 209 1
256 209 1
68 211 1
81 211 1
121 211 1
134 211 1
197 211 1
237 211 1
16 213 1
75 213 1
118 213 1
195 213 1
197 213 1
218 213 1
226 213 1
7 214 1
13 214 1
19 214 1
40 214 1
41 214 1
46 214 1
68 214 1
81 214 1
114 214 1
120 214 1
121 214 1
140 214 1
149 214 1
153 214 1
174 214 1
194 214 1
196 214 1
197 214 1
205 214 1
209 214 1
215 214 1
229 214 1
241 214 1
249 214 1
214 215 1
19 217 1
46 217 1
91 217 1
193 217 1
5 218 1
10 218 1
13 218 1
15 218 1
16 218 1
20 218 1
28 218 1
29 218 1
36 218 1
41 218 1
46 218 1
47 218 1
55 218 1
60 218 1
81 218 1
83 218 1
90 218 1
92 218 1
101 218 1
104 218 1
111 218 1
121 218 1
126 218 1
134 218 1
140 218 1
149 218 1
153 218 1
156 218 1
166 218 1
168 218 1
170 218 1
174 218 1
182 218 1
183 218 1
193 218 1
197 218 1
202 218 1
213 218 1
225 218 1
230 218 1
237 218 1
241 218 1
245 218 1
248 218 1
15 219 1
19 219 1
46 219 1
68 219 1
92 219 1
229 219 1
50 221 1
64 221 1
98 221 1
60 223 1
133 223 1
140 223 1
193 223 1
225 223 1
3 225 1
13 225 1
19 225 1
29 225 1
52 225 1
81 225 1
90 225 1
91 225 1
101 225 1
134 225 1
174 225 1
197 225 1
205 225 1
209 225 1
218 225 1
223 225 1
236 225 1
241 225 1
249 225 1
29 226 1
81 226 1
213 226 1
46 228 1
11 229 1
46 229 1
81 229 1
99 229 1
148 229 1
174 229 1
193 229 1
214 229 1
219 229 1
231 229 1
95 230 1
98 230 1
168 230 1
178 230 1
218 230 1
170 231 1
229 231 1
19 232 1
50 232 1
81 232 1
205 232 1
7 233 1
12 233 1
68 233 1
94 233 1
101 233 1
140 233 1
164 233 1
197 233 1
241 233 1
245 233 1
247 233 1
81 234 1
205 235 1
92 236 1
225 236 1
245 236 1
7 237 1
13 237 1
29 237 1
31 237 1
49 237 1
56 237 1
71 237 1
111 237 1
114 237 1
134 237 1
140 237 1
148 237 1
174 237 1
180 237 1
197 237 1
202 237 1
205 237 1
209 237 1
211 237 1
218 237 1
241 237 1
10 241 1
11 241 1
19 241 1
41 241 1
46 241 1
47 241 1
59 241 1
68 241 1
70 241 1
77 241 1
81 241 1
101 241 1
111 241 1
126 241 1
129 241 1
156 241 1
157 241 1
161 241 1
168 241 1
170 241 1
174 241 1
183 241 1
193 241 1
195 241 1
196 241 1
197 241 1
202 241 1
205 241 1
214 241 1
218 241 1
225 241 1
233 241 1
237 241 1
247 241 1
255 241 1
249 242 1
130 243 1
7 245 1
46 245 1
81 245 1
168 245 1
197 245 1
206 245 1
218 245 1
233 245 1
236 245 1
49 247 1
90 247 1
91 247 1
170 247 1
233 247 1
241 247 1
3 248 1
40 248 1
49 248 1
71 248 1
81 248 1
98 248 1
146 248 1
150 248 1
155 248 1
173 248 1
183 248 1
197 248 1
205 248 1
218 248 1
253 248 1
16 249 1
41 249 1
49 249 1
50 249 1
80 249 1
81 249 1
114 249 1
126 249 1
170 249 1
174 249 1
183 249 1
184 249 1
197 249 1
214 249 1
225 249 1
242 249 1
205 252 1
248 253 1
183 254 1
19 255 1
81 255 1
161 255 1
178 255 1
183 255 1
241 255 1
209 256 1
