1 2 1
2 1 2
87 2 1
892 2 1
341 7 1
257 8 1
303 8 1
341 8 1
480 8 1
770 8 1
18 9 1
48 9 1
87 9 1
89 9 1
104 9 1
106 9 1
140 9 1
158 9 1
191 9 1
244 9 1
255 9 1
266 9 1
275 9 1
299 9 1
303 9 1
345 9 1
383 9 1
394 9 1
404 9 1
405 9 1
423 9 1
455 9 1
466 9 1
480 9 1
494 9 1
517 9 1
588 9 1
597 9 1
625 9 1
658 9 1
699 9 1
709 9 1
739 9 1
747 9 1
754 9 1
756 9 1
779 9 1
814 9 1
830 9 1
865 9 1
881 9 1
888 9 1
917 9 1
925 9 1
945 9 1
948 9 1
1002 9 1
1005 9 1
1009 9 1
1020 9 1
16 12 1
87 12 1
129 12 1
140 12 1
178 12 1
374 12 1
466 12 1
625 12 1
649 12 1
756 12 1
849 12 1
859 12 1
558 13 1
180 15 1
632 15 1
1005 15 1
12 16 1
87 16 1
89 16 1
158 16 1
180 16 1
194 16 1
278 16 1
303 16 1
337 16 1
404 16 1
427 16 1
480 16 1
600 16 1
756 16 1
874 16 1
876 16 1
917 16 1
923 16 1
88 17 1
303 17 1
315 17 1
400 17 1
405 17 1
552 17 1
660 17 1
692 17 1
806 17 1
885 17 1
888 17 1
9 18 1
68 18 1
87 18 1
89 18 1
104 18 1
125 18 1
129 18 1
140 18 1
158 18 1
180 18 1
246 18 1
257 18 1
337 18 1
341 18 1
352 18 1
382 18 1
394 18 1
423 18 1
480 18 1
503 18 1
506 18 1
613 18 1
651 18 1
653 18 1
660 18 1
671 18 1
713 18 1
745 18 1
756 18 1
757 18 1
779 18 1
799 18 1
814 18 1
836 18 1
867 18 1
876 18 1
885 18 1
926 18 1
928 18 1
951 18 1
25 20 1
104 20 1
756 20 1
1005 20 1
29 22 1
446 22 1
471 22 1
638 22 1
673 22 1
795 22 1
813 22 1
49 24 1
156 24 1
358 24 1
649 24 1
756 24 1
779 24 1
20 25 1
29 25 1
49 25 1
70 25 1
104 25 1
121 25 1
140 25 1
167 25 1
180 25 1
246 25 1
255 25 1
263 25 1
337 25 1
340 25 1
341 25 1
367 25 1
389 25 1
404 25 1
420 25 1
423 25 1
455 25 1
463 25 1
466 25 1
494 25 1
521 25 1
522 25 1
542 25 1
579 25 1
649 25 1
677 25 1
692 25 1
697 25 1
719 25 1
756 25 1
779 25 1
797 25 1
814 25 1
835 25 1
849 25 1
888 25 1
917 25 1
945 25 1
951 25 1
506 27 1
22 29 1
25 29 1
87 29 1
104 29 1
109 29 1
111 29 1
140 29 1
153 29 1
157 29 1
158 29 1
171 29 1
177 29 1
180 29 1
255 29 1
303 29 1
345 29 1
370 29 1
406 29 1
410 29 1
422 29 1
423 29 1
455 29 1
466 29 1
551 29 1
576 29 1
598 29 1
600 29 1
632 29 1
653 29 1
678 29 1
722 29 1
756 29 1
795 29 1
881 29 1
889 29 1
892 29 1
917 29 1
945 29 1
964 29 1
1005 29 1
340 30 1
140 32 1
756 32 1
89 33 1
756 34 1
341 38 1
480 39 1
544 39 1
159 40 1
255 40 1
352 40 1
1009 40 1
423 42 1
836 42 1
569 44 1
158 45 1
65 47 1
9 48 1
466 48 1
859 48 1
888 48 1
1020 48 1
24 49 1
25 49 1
68 49 1
87 49 1
104 49 1
140 49 1
178 49 1
180 49 1
219 49 1
226 49 1
229 49 1
255 49 1
263 49 1
266 49 1
318 49 1
337 49 1
341 49 1
350 49 1
394 49 1
456 49 1
508 49 1
523 49 1
579 49 1
611 49 1
637 49 1
649 49 1
653 49 1
754 49 1
756 49 1
779 49 1
810 49 1
813 49 1
833 49 1
842 49 1
845 49 1
874 49 1
888 49 1
917 49 1
945 49 1
1002 49 1
1005 49 1
1019 49 1
498 50 1
907 52 1
87 53 1
89 53 1
111 53 1
140 53 1
146 53 1
158 53 1
186 53 1
257 53 1
277 53 1
288 53 1
303 53 1
314 53 1
423 53 1
456 53 1
576 53 1
649 53 1
658 53 1
754 53 1
756 53 1
889 53 1
891 53 1
912 53 1
140 54 1
713 54 1
444 55 1
859 55 1
521 56 1
523 56 1
658 56 1
719 56 1
555 57 1
89 58 1
140 58 1
158 58 1
167 58 1
179 58 1
255 58 1
352 58 1
406 58 1
506 58 1
542 58 1
673 58 1
675 58 1
756 58 1
779 58 1
808 58 1
813 58 1
822 58 1
871 58 1
917 58 1
930 58 1
158 59 1
226 60 1
178 61 1
756 61 1
407 62 1
653 62 1
671 62 1
814 62 1
47 65 1
255 65 1
341 65 1
466 65 1
494 65 1
756 65 1
806 65 1
917 65 1
18 68 1
49 68 1
87 68 1
89 68 1
140 68 1
180 68 1
186 68 1
220 68 1
255 68 1
282 68 1
303 68 1
322 68 1
325 68 1
341 68 1
407 68 1
415 68 1
423 68 1
458 68 1
466 68 1
503 68 1
504 68 1
521 68 1
523 68 1
542 68 1
552 68 1
563 68 1
569 68 1
596 68 1
611 68 1
625 68 1
660 68 1
671 68 1
689 68 1
692 68 1
720 68 1
726 68 1
756 68 1
758 68 1
779 68 1
806 68 1
814 68 1
881 68 1
884 68 1
889 68 1
917 68 1
928 68 1
941 68 1
1005 68 1
1012 68 1
140 69 1
164 69 1
303 69 1
423 69 1
554 69 1
569 69 1
881 69 1
25 70 1
87 70 1
155 70 1
186 70 1
257 70 1
352 70 1
455 70 1
456 70 1
466 70 1
521 70 1
632 70 1
692 70 1
756 70 1
834 70 1
867 70 1
878 70 1
917 70 1
1005 70 1
140 73 1
96 74 1
756 74 1
205 77 1
373 77 1
692 77 1
892 77 1
625 78 1
1022 78 1
282 79 1
255 80 1
1023 81 1
328 82 1
140 83 1
337 83 1
341 83 1
345 83 1
423 83 1
541 83 1
662 83 1
860 83 1
892 83 1
917 83 1
965 83 1
2 87 1
9 87 1
12 87 1
16 87 1
18 87 1
29 87 1
49 87 1
53 87 1
68 87 1
70 87 1
108 87 1
140 87 1
149 87 1
158 87 1
170 87 1
203 87 1
255 87 1
263 87 1
267 87 1
272 87 1
282 87 1
299 87 1
300 87 1
303 87 1
307 87 1
310 87 1
322 87 1
337 87 1
341 87 1
352 87 1
375 87 1
394 87 1
400 87 1
404 87 1
405 87 1
406 87 1
407 87 1
423 87 1
438 87 1
455 87 1
461 87 1
463 87 1
466 87 1
467 87 1
478 87 1
480 87 1
485 87 1
494 87 1
503 87 1
521 87 1
545 87 1
557 87 1
560 87 1
569 87 1
600 87 1
602 87 1
608 87 1
609 87 1
618 87 1
623 87 1
625 87 1
644 87 1
653 87 1
654 87 1
660 87 1
666 87 1
673 87 1
675 87 1
683 87 1
692 87 1
695 87 1
701 87 1
713 87 1
720 87 1
722 87 1
727 87 1
736 87 1
754 87 1
756 87 1
774 87 1
779 87 1
786 87 1
799 87 1
800 87 1
806 87 1
813 87 1
829 87 1
833 87 1
847 87 1
849 87 1
857 87 1
859 87 1
867 87 1
874 87 1
876 87 1
879 87 1
881 87 1
889 87 1
898 87 1
907 87 1
912 87 1
917 87 1
942 87 1
945 87 1
991 87 1
1002 87 1
1005 87 1
1019 87 1
17 88 1
177 88 1
213 88 1
255 88 1
341 88 1
376 88 1
530 88 1
627 88 1
756 88 1
925 88 1
9 89 1
16 89 1
18 89 1
33 89 1
53 89 1
58 89 1
68 89 1
104 89 1
156 89 1
168 89 1
180 89 1
255 89 1
263 89 1
299 89 1
303 89 1
337 89 1
341 89 1
401 89 1
413 89 1
423 89 1
455 89 1
466 89 1
523 89 1
544 89 1
552 89 1
592 89 1
597 89 1
599 89 1
625 89 1
632 89 1
638 89 1
653 89 1
654 89 1
660 89 1
680 89 1
718 89 1
720 89 1
746 89 1
756 89 1
779 89 1
806 89 1
885 89 1
889 89 1
899 89 1
945 89 1
962 89 1
1005 89 1
756 90 1
948 90 1
1005 90 1
255 91 1
466 91 1
814 91 1
106 92 1
255 92 1
448 92 1
466 92 1
754 92 1
806 92 1
959 92 1
394 94 1
600 94 1
754 94 1
756 94 1
74 96 1
255 96 1
405 96 1
456 96 1
756 96 1
813 97 1
990 97 1
250 99 1
466 99 1
608 99 1
756 99 1
1022 99 1
962 101 1
407 102 1
523 102 1
598 102 1
689 102 1
779 102 1
824 102 1
948 102 1
9 104 1
18 104 1
20 104 1
25 104 1
29 104 1
49 104 1
89 104 1
130 104 1
140 104 1
180 104 1
186 104 1
208 104 1
219 104 1
250 104 1
255 104 1
278 104 1
310 104 1
318 104 1
322 104 1
337 104 1
384 104 1
403 104 1
422 104 1
423 104 1
521 104 1
548 104 1
552 104 1
560 104 1
600 104 1
649 104 1
653 104 1
654 104 1
671 104 1
677 104 1
719 104 1
756 104 1
779 104 1
784 104 1
860 104 1
881 104 1
885 104 1
925 104 1
952 104 1
968 104 1
1005 104 1
140 105 1
311 105 1
328 105 1
692 105 1
814 105 1
878 105 1
9 106 1
92 106 1
140 106 1
186 106 1
307 106 1
400 106 1
446 106 1
569 106 1
600 106 1
660 106 1
756 106 1
768 106 1
779 106 1
813 106 1
845 106 1
849 106 1
889 106 1
948 106 1
1009 106 1
87 108 1
29 109 1
257 109 1
494 109 1
29 111 1
53 111 1
186 111 1
255 111 1
257 111 1
303 111 1
318 111 1
341 111 1
466 111 1
542 111 1
548 111 1
576 111 1
600 111 1
605 111 1
660 111 1
672 111 1
689 111 1
907 111 1
1014 111 1
756 116 1
917 116 1
168 119 1
654 119 1
836 119 1
213 120 1
25 121 1
423 121 1
128 123 1
213 123 1
250 123 1
303 123 1
400 123 1
455 123 1
494 123 1
539 123 1
606 123 1
660 123 1
713 123 1
756 123 1
779 123 1
814 123 1
892 123 1
1005 123 1
255 124 1
466 124 1
692 124 1
754 124 1
18 125 1
171 125 1
164 126 1
255 126 1
267 126 1
552 126 1
660 126 1
806 126 1
864 126 1
878 126 1
898 126 1
1002 126 1
123 128 1
203 128 1
306 128 1
405 128 1
494 128 1
528 128 1
625 128 1
754 128 1
756 128 1
878 128 1
917 128 1
996 128 1
12 129 1
18 129 1
322 129 1
351 129 1
358 129 1
466 129 1
545 129 1
779 129 1
818 129 1
823 129 1
925 129 1
104 130 1
360 130 1
246 132 1
263 132 1
350 132 1
423 132 1
653 132 1
756 132 1
779 132 1
813 132 1
814 132 1
140 137 1
278 137 1
325 137 1
407 137 1
455 137 1
465 137 1
621 137 1
756 137 1
829 137 1
948 137 1
951 137 1
303 139 1
312 139 1
779 139 1
888 139 1
970 139 1
9 140 1
12 140 1
18 140 1
25 140 1
29 140 1
32 140 1
49 140 1
53 140 1
54 140 1
58 140 1
68 140 1
69 140 1
73 140 1
83 140 1
87 140 1
104 140 1
105 140 1
106 140 1
137 140 1
141 140 1
158 140 1
168 140 1
171 140 1
178 140 1
180 140 1
227 140 1
234 140 1
246 140 1
255 140 1
257 140 1
264 140 1
267 140 1
269 140 1
276 140 1
299 140 1
303 140 1
304 140 1
312 140 1
313 140 1
331 140 1
341 140 1
383 140 1
389 140 1
405 140 1
423 140 1
431 140 1
438 140 1
466 140 1
468 140 1
480 140 1
494 140 1
503 140 1
506 140 1
521 140 1
523 140 1
541 140 1
568 140 1
569 140 1
570 140 1
581 140 1
597 140 1
608 140 1
618 140 1
622 140 1
638 140 1
649 140 1
653 140 1
659 140 1
692 140 1
697 140 1
709 140 1
713 140 1
719 140 1
720 140 1
756 140 1
779 140 1
784 140 1
786 140 1
799 140 1
800 140 1
813 140 1
814 140 1
822 140 1
839 140 1
845 140 1
848 140 1
856 140 1
864 140 1
867 140 1
881 140 1
885 140 1
888 140 1
889 140 1
895 140 1
899 140 1
912 140 1
917 140 1
924 140 1
928 140 1
942 140 1
945 140 1
948 140 1
955 140 1
977 140 1
991 140 1
1005 140 1
1017 140 1
140 141 1
406 141 1
537 141 1
756 141 1
917 143 1
53 146 1
177 146 1
539 146 1
637 146 1
675 146 1
689 146 1
756 146 1
779 146 1
799 146 1
806 146 1
845 146 1
925 146 1
1022 146 1
171 147 1
341 147 1
589 147 1
756 147 1
879 147 1
1005 147 1
423 148 1
87 149 1
278 149 1
337 149 1
370 149 1
756 149 1
917 149 1
255 151 1
154 152 1
246 152 1
373 152 1
386 152 1
813 152 1
1005 152 1
29 153 1
152 154 1
623 154 1
70 155 1
337 155 1
407 155 1
494 155 1
517 155 1
567 155 1
806 155 1
836 155 1
922 155 1
24 156 1
89 156 1
337 156 1
756 156 1
788 156 1
885 156 1
907 156 1
1014 156 1
29 157 1
521 157 1
1005 157 1
1009 157 1
9 158 1
16 158 1
18 158 1
29 158 1
45 158 1
53 158 1
58 158 1
59 158 1
87 158 1
140 158 1
177 158 1
178 158 1
180 158 1
186 158 1
200 158 1
246 158 1
248 158 1
255 158 1
263 158 1
282 158 1
299 158 1
303 158 1
341 158 1
352 158 1
358 158 1
375 158 1
382 158 1
401 158 1
405 158 1
423 158 1
455 158 1
466 158 1
504 158 1
530 158 1
560 158 1
569 158 1
641 158 1
656 158 1
668 158 1
671 158 1
675 158 1
713 158 1
750 158 1
756 158 1
814 158 1
864 158 1
888 158 1
892 158 1
917 158 1
945 158 1
1005 158 1
1019 158 1
40 159 1
625 159 1
229 161 1
873 161 1
917 161 1
349 162 1
660 162 1
892 162 1
69 164 1
126 164 1
756 164 1
996 164 1
671 165 1
713 165 1
813 165 1
178 166 1
293 166 1
25 167 1
58 167 1
341 167 1
466 167 1
631 167 1
649 167 1
747 167 1
779 167 1
845 167 1
865 167 1
881 167 1
888 167 1
892 167 1
89 168 1
119 168 1
140 168 1
554 168 1
589 168 1
600 168 1
630 168 1
637 168 1
653 168 1
748 168 1
756 168 1
779 168 1
881 168 1
917 168 1
530 169 1
87 170 1
280 170 1
410 170 1
29 171 1
125 171 1
140 171 1
147 171 1
341 171 1
654 171 1
874 171 1
881 171 1
892 171 1
899 171 1
917 171 1
637 173 1
246 174 1
250 174 1
255 174 1
277 174 1
345 174 1
380 174 1
466 174 1
600 174 1
653 174 1
865 174 1
881 174 1
948 174 1
1005 174 1
600 175 1
719 176 1
29 177 1
88 177 1
146 177 1
158 177 1
188 177 1
223 177 1
315 177 1
423 177 1
427 177 1
572 177 1
649 177 1
651 177 1
656 177 1
675 177 1
692 177 1
756 177 1
799 177 1
806 177 1
892 177 1
899 177 1
951 177 1
965 177 1
1017 177 1
12 178 1
49 178 1
61 178 1
140 178 1
158 178 1
166 178 1
187 178 1
188 178 1
255 178 1
268 178 1
278 178 1
303 178 1
304 178 1
341 178 1
352 178 1
407 178 1
487 178 1
544 178 1
605 178 1
621 178 1
622 178 1
630 178 1
638 178 1
649 178 1
678 178 1
747 178 1
756 178 1
779 178 1
829 178 1
859 178 1
867 178 1
917 178 1
941 178 1
1002 178 1
1018 178 1
58 179 1
779 179 1
15 180 1
16 180 1
18 180 1
25 180 1
29 180 1
49 180 1
68 180 1
89 180 1
104 180 1
140 180 1
158 180 1
246 180 1
248 180 1
257 180 1
267 180 1
304 180 1
337 180 1
341 180 1
394 180 1
405 180 1
407 180 1
471 180 1
506 180 1
547 180 1
554 180 1
566 180 1
600 180 1
622 180 1
645 180 1
653 180 1
756 180 1
829 180 1
873 180 1
885 180 1
888 180 1
892 180 1
899 180 1
917 180 1
941 180 1
1014 180 1
255 184 1
388 185 1
53 186 1
68 186 1
70 186 1
104 186 1
106 186 1
111 186 1
158 186 1
255 186 1
341 186 1
361 186 1
380 186 1
722 186 1
759 186 1
858 186 1
859 186 1
907 186 1
178 187 1
177 188 1
178 188 1
299 188 1
314 188 1
562 188 1
600 188 1
713 188 1
747 188 1
756 188 1
759 188 1
857 188 1
889 188 1
967 188 1
1005 188 1
951 190 1
9 191 1
637 191 1
779 193 1
1005 193 1
16 194 1
423 194 1
756 194 1
917 194 1
303 195 1
756 195 1
1005 195 1
446 198 1
537 198 1
756 198 1
845 198 1
876 198 1
917 198 1
158 200 1
352 200 1
255 201 1
413 201 1
466 201 1
535 201 1
892 201 1
845 202 1
87 203 1
128 203 1
341 203 1
713 203 1
756 204 1
77 205 1
945 205 1
951 205 1
104 208 1
299 208 1
403 208 1
423 208 1
480 208 1
625 208 1
888 208 1
666 210 1
341 211 1
423 211 1
535 211 1
625 211 1
638 211 1
754 211 1
756 211 1
938 211 1
88 213 1
120 213 1
123 213 1
401 213 1
438 213 1
466 213 1
480 213 1
600 213 1
625 213 1
637 213 1
692 213 1
756 213 1
779 213 1
814 213 1
885 213 1
898 213 1
917 213 1
1005 213 1
255 214 1
219 216 1
625 216 1
314 218 1
692 218 1
756 218 1
845 218 1
49 219 1
104 219 1
216 219 1
696 219 1
697 219 1
756 219 1
68 220 1
462 220 1
806 220 1
406 221 1
521 221 1
177 223 1
255 223 1
257 223 1
303 223 1
341 223 1
756 223 1
847 223 1
49 226 1
60 226 1
233 226 1
383 226 1
756 226 1
140 227 1
571 227 1
49 229 1
161 229 1
304 229 1
569 229 1
625 229 1
779 229 1
917 229 1
226 233 1
140 234 1
337 234 1
382 236 1
341 239 1
611 239 1
625 239 1
756 239 1
255 242 1
307 242 1
463 242 1
756 242 1
853 242 1
885 243 1
9 244 1
322 244 1
756 244 1
423 245 1
455 245 1
726 245 1
1005 245 1
18 246 1
25 246 1
132 246 1
140 246 1
152 246 1
158 246 1
174 246 1
180 246 1
250 246 1
270 246 1
299 246 1
341 246 1
373 246 1
466 246 1
481 246 1
506 246 1
542 246 1
561 246 1
569 246 1
579 246 1
625 246 1
641 246 1
653 246 1
657 246 1
689 246 1
692 246 1
698 246 1
713 246 1
754 246 1
756 246 1
783 246 1
813 246 1
822 246 1
835 246 1
842 246 1
889 246 1
899 246 1
962 246 1
1023 246 1
158 248 1
180 248 1
255 248 1
257 248 1
267 248 1
303 248 1
315 248 1
328 248 1
466 248 1
523 248 1
585 248 1
600 248 1
727 248 1
756 248 1
758 248 1
830 248 1
889 248 1
99 250 1
104 250 1
123 250 1
174 250 1
246 250 1
257 250 1
423 250 1
523 250 1
848 250 1
885 250 1
925 250 1
994 250 1
352 253 1
888 254 1
9 255 1
25 255 1
29 255 1
40 255 1
49 255 1
58 255 1
65 255 1
68 255 1
80 255 1
87 255 1
88 255 1
89 255 1
91 255 1
92 255 1
96 255 1
104 255 1
111 255 1
124 255 1
126 255 1
140 255 1
151 255 1
158 255 1
174 255 1
178 255 1
184 255 1
186 255 1
201 255 1
214 255 1
223 255 1
242 255 1
248 255 1
257 255 1
270 255 1
278 255 1
303 255 1
304 255 1
307 255 1
330 255 1
337 255 1
341 255 1
350 255 1
352 255 1
361 255 1
373 255 1
376 255 1
382 255 1
401 255 1
406 255 1
407 255 1
423 255 1
434 255 1
458 255 1
464 255 1
466 255 1
503 255 1
504 255 1
506 255 1
518 255 1
523 255 1
554 255 1
569 255 1
600 255 1
611 255 1
622 255 1
625 255 1
630 255 1
647 255 1
649 255 1
656 255 1
658 255 1
660 255 1
666 255 1
671 255 1
675 255 1
678 255 1
692 255 1
713 255 1
722 255 1
756 255 1
766 255 1
769 255 1
774 255 1
779 255 1
789 255 1
795 255 1
799 255 1
800 255 1
804 255 1
813 255 1
824 255 1
829 255 1
841 255 1
844 255 1
857 255 1
881 255 1
888 255 1
889 255 1
892 255 1
895 255 1
899 255 1
912 255 1
917 255 1
922 255 1
925 255 1
928 255 1
939 255 1
941 255 1
945 255 1
951 255 1
967 255 1
970 255 1
991 255 1
1003 255 1
1005 255 1
1007 255 1
1009 255 1
1017 255 1
8 257 1
18 257 1
53 257 1
70 257 1
109 257 1
111 257 1
140 257 1
180 257 1
223 257 1
248 257 1
250 257 1
255 257 1
266 257 1
302 257 1
310 257 1
318 257 1
341 257 1
401 257 1
423 257 1
448 257 1
453 257 1
466 257 1
494 257 1
521 257 1
523 257 1
564 257 1
600 257 1
647 257 1
692 257 1
713 257 1
719 257 1
756 257 1
761 257 1
779 257 1
785 257 1
786 257 1
794 257 1
795 257 1
806 257 1
822 257 1
837 257 1
889 257 1
899 257 1
917 257 1
925 257 1
945 257 1
951 257 1
1005 257 1
719 258 1
407 259 1
466 260 1
756 260 1
25 263 1
49 263 1
87 263 1
89 263 1
132 263 1
158 263 1
278 263 1
337 263 1
353 263 1
506 263 1
561 263 1
569 263 1
588 263 1
649 263 1
713 263 1
779 263 1
814 263 1
815 263 1
1000 263 1
1020 263 1
140 264 1
423 265 1
9 266 1
49 266 1
257 266 1
757 266 1
1002 266 1
1017 266 1
87 267 1
126 267 1
140 267 1
180 267 1
248 267 1
303 267 1
311 267 1
341 267 1
374 267 1
423 267 1
455 267 1
506 267 1
561 267 1
756 267 1
814 267 1
881 267 1
907 267 1
971 267 1
1005 267 1
178 268 1
676 268 1
951 268 1
140 269 1
421 269 1
713 269 1
756 269 1
246 270 1
255 270 1
288 270 1
421 270 1
581 270 1
786 270 1
878 270 1
407 271 1
87 272 1
562 273 1
578 273 1
9 275 1
140 276 1
383 276 1
466 276 1
656 276 1
796 276 1
917 276 1
53 277 1
174 277 1
400 277 1
407 277 1
506 277 1
622 277 1
656 277 1
660 277 1
666 277 1
689 277 1
756 277 1
779 277 1
806 277 1
829 277 1
899 277 1
922 277 1
945 277 1
951 277 1
16 278 1
104 278 1
137 278 1
149 278 1
178 278 1
255 278 1
263 278 1
303 278 1
337 278 1
352 278 1
423 278 1
466 278 1
473 278 1
689 278 1
756 278 1
892 278 1
928 278 1
951 278 1
600 279 1
756 279 1
170 280 1
654 280 1
822 280 1
888 280 1
899 280 1
917 280 1
68 282 1
79 282 1
87 282 1
158 282 1
352 282 1
405 282 1
574 282 1
600 282 1
625 282 1
756 282 1
1005 282 1
463 283 1
578 286 1
677 286 1
53 288 1
270 288 1
423 288 1
552 288 1
579 288 1
618 288 1
677 288 1
885 288 1
1005 288 1
455 289 1
917 289 1
917 290 1
1002 290 1
928 291 1
166 293 1
405 294 1
756 294 1
779 294 1
653 298 1
756 298 1
1020 298 1
9 299 1
87 299 1
89 299 1
140 299 1
158 299 1
188 299 1
208 299 1
246 299 1
303 299 1
373 299 1
382 299 1
393 299 1
405 299 1
415 299 1
423 299 1
466 299 1
494 299 1
523 299 1
544 299 1
561 299 1
579 299 1
637 299 1
678 299 1
697 299 1
719 299 1
726 299 1
737 299 1
756 299 1
758 299 1
779 299 1
783 299 1
794 299 1
808 299 1
849 299 1
876 299 1
892 299 1
899 299 1
951 299 1
1002 299 1
1005 299 1
1020 299 1
87 300 1
401 300 1
257 302 1
885 302 1
8 303 1
9 303 1
16 303 1
17 303 1
29 303 1
53 303 1
68 303 1
69 303 1
87 303 1
89 303 1
111 303 1
123 303 1
139 303 1
140 303 1
158 303 1
178 303 1
195 303 1
223 303 1
248 303 1
255 303 1
267 303 1
278 303 1
299 303 1
318 303 1
325 303 1
337 303 1
341 303 1
345 303 1
352 303 1
383 303 1
384 303 1
394 303 1
397 303 1
401 303 1
405 303 1
406 303 1
407 303 1
423 303 1
438 303 1
442 303 1
446 303 1
456 303 1
464 303 1
466 303 1
494 303 1
506 303 1
520 303 1
522 303 1
523 303 1
528 303 1
544 303 1
547 303 1
552 303 1
554 303 1
566 303 1
569 303 1
579 303 1
596 303 1
597 303 1
600 303 1
605 303 1
625 303 1
636 303 1
638 303 1
653 303 1
658 303 1
671 303 1
676 303 1
685 303 1
696 303 1
697 303 1
707 303 1
713 303 1
727 303 1
740 303 1
756 303 1
769 303 1
779 303 1
791 303 1
797 303 1
806 303 1
807 303 1
813 303 1
814 303 1
842 303 1
845 303 1
859 303 1
864 303 1
871 303 1
881 303 1
885 303 1
892 303 1
895 303 1
917 303 1
925 303 1
926 303 1
945 303 1
1002 303 1
1005 303 1
1008 303 1
1014 303 1
1019 303 1
1022 303 1
140 304 1
178 304 1
180 304 1
229 304 1
255 304 1
307 304 1
466 304 1
561 304 1
641 304 1
722 304 1
756 304 1
951 304 1
128 306 1
87 307 1
106 307 1
242 307 1
255 307 1
304 307 1
341 307 1
406 307 1
529 307 1
675 307 1
754 307 1
756 307 1
806 307 1
925 307 1
971 307 1
394 308 1
873 308 1
87 310 1
104 310 1
257 310 1
337 310 1
352 310 1
423 310 1
494 310 1
521 310 1
756 310 1
864 310 1
105 311 1
267 311 1
373 311 1
660 311 1
139 312 1
140 312 1
945 312 1
140 313 1
856 313 1
881 313 1
53 314 1
188 314 1
218 314 1
452 314 1
806 314 1
17 315 1
177 315 1
248 315 1
554 315 1
622 315 1
720 315 1
829 315 1
802 317 1
49 318 1
104 318 1
111 318 1
257 318 1
303 318 1
322 318 1
373 318 1
405 318 1
455 318 1
756 318 1
917 318 1
478 319 1
406 320 1
756 320 1
864 320 1
653 321 1
888 321 1
892 321 1
68 322 1
87 322 1
104 322 1
129 322 1
244 322 1
318 322 1
331 322 1
375 322 1
423 322 1
722 322 1
727 322 1
756 322 1
779 322 1
881 322 1
991 322 1
1005 322 1
756 323 1
389 324 1
917 324 1
68 325 1
137 325 1
303 325 1
436 325 1
462 325 1
466 325 1
625 325 1
677 325 1
719 325 1
754 325 1
756 325 1
855 325 1
889 325 1
898 325 1
925 325 1
756 327 1
912 327 1
951 327 1
82 328 1
105 328 1
248 328 1
506 328 1
569 328 1
638 328 1
654 328 1
756 328 1
779 328 1
867 328 1
881 328 1
885 328 1
1014 328 1
255 330 1
140 331 1
322 331 1
345 331 1
455 331 1
552 331 1
609 331 1
625 331 1
756 331 1
779 331 1
873 331 1
888 331 1
1005 331 1
407 333 1
756 333 1
917 333 1
1005 333 1
16 337 1
18 337 1
25 337 1
49 337 1
83 337 1
87 337 1
89 337 1
104 337 1
149 337 1
155 337 1
156 337 1
180 337 1
234 337 1
255 337 1
263 337 1
278 337 1
303 337 1
310 337 1
358 337 1
359 337 1
383 337 1
405 337 1
456 337 1
466 337 1
476 337 1
530 337 1
579 337 1
581 337 1
600 337 1
623 337 1
639 337 1
673 337 1
692 337 1
697 337 1
719 337 1
756 337 1
779 337 1
786 337 1
806 337 1
844 337 1
845 337 1
874 337 1
886 337 1
899 337 1
915 337 1
917 337 1
945 337 1
1005 337 1
466 338 1
666 338 1
754 338 1
756 338 1
777 338 1
537 339 1
608 339 1
756 339 1
874 339 1
25 340 1
30 340 1
455 340 1
888 340 1
7 341 1
8 341 1
18 341 1
25 341 1
38 341 1
49 341 1
65 341 1
68 341 1
83 341 1
87 341 1
88 341 1
89 341 1
111 341 1
140 341 1
147 341 1
158 341 1
167 341 1
171 341 1
178 341 1
180 341 1
186 341 1
203 341 1
211 341 1
223 341 1
239 341 1
246 341 1
255 341 1
257 341 1
267 341 1
303 341 1
307 341 1
345 341 1
350 341 1
352 341 1
368 341 1
373 341 1
382 341 1
384 341 1
388 341 1
406 341 1
423 341 1
453 341 1
455 341 1
456 341 1
466 341 1
470 341 1
473 341 1
480 341 1
494 341 1
520 341 1
523 341 1
528 341 1
537 341 1
561 341 1
569 341 1
582 341 1
587 341 1
600 341 1
604 341 1
611 341 1
618 341 1
625 341 1
632 341 1
653 341 1
667 341 1
677 341 1
707 341 1
719 341 1
721 341 1
745 341 1
754 341 1
756 341 1
761 341 1
779 341 1
784 341 1
786 341 1
800 341 1
813 341 1
814 341 1
836 341 1
849 341 1
855 341 1
865 341 1
869 341 1
876 341 1
881 341 1
885 341 1
888 341 1
889 341 1
892 341 1
899 341 1
901 341 1
907 341 1
909 341 1
917 341 1
920 341 1
947 341 1
951 341 1
978 341 1
985 341 1
1002 341 1
1005 341 1
1009 341 1
1020 341 1
1022 341 1
673 342 1
375 343 1
9 345 1
29 345 1
83 345 1
174 345 1
303 345 1
331 345 1
341 345 1
423 345 1
598 345 1
602 345 1
756 345 1
806 345 1
824 345 1
939 345 1
945 345 1
960 345 1
991 345 1
951 348 1
162 349 1
756 349 1
49 350 1
132 350 1
255 350 1
341 350 1
928 350 1
129 351 1
506 351 1
756 351 1
1019 351 1
18 352 1
40 352 1
58 352 1
70 352 1
87 352 1
158 352 1
178 352 1
200 352 1
253 352 1
255 352 1
278 352 1
282 352 1
303 352 1
310 352 1
341 352 1
358 352 1
401 352 1
404 352 1
418 352 1
465 352 1
466 352 1
468 352 1
494 352 1
523 352 1
529 352 1
562 352 1
564 352 1
589 352 1
597 352 1
622 352 1
653 352 1
660 352 1
666 352 1
713 352 1
718 352 1
724 352 1
756 352 1
779 352 1
794 352 1
795 352 1
806 352 1
814 352 1
822 352 1
845 352 1
847 352 1
859 352 1
885 352 1
889 352 1
899 352 1
917 352 1
945 352 1
951 352 1
1002 352 1
1014 352 1
1023 352 1
263 353 1
756 354 1
886 354 1
24 358 1
129 358 1
158 358 1
337 358 1
352 358 1
394 358 1
415 358 1
448 358 1
779 358 1
845 358 1
945 358 1
337 359 1
466 359 1
613 359 1
756 359 1
130 360 1
466 360 1
716 360 1
186 361 1
255 361 1
756 361 1
779 363 1
466 364 1
754 365 1
883 365 1
25 367 1
713 367 1
341 368 1
939 368 1
29 370 1
149 370 1
77 373 1
152 373 1
246 373 1
255 373 1
299 373 1
311 373 1
318 373 1
341 373 1
407 373 1
420 373 1
463 373 1
494 373 1
569 373 1
800 373 1
889 373 1
12 374 1
267 374 1
523 374 1
600 374 1
87 375 1
158 375 1
322 375 1
343 375 1
88 376 1
255 376 1
407 376 1
423 376 1
464 376 1
600 376 1
660 376 1
722 376 1
888 376 1
660 379 1
174 380 1
186 380 1
423 380 1
756 380 1
18 382 1
158 382 1
236 382 1
255 382 1
299 382 1
341 382 1
494 382 1
503 382 1
689 382 1
756 382 1
844 382 1
917 382 1
9 383 1
140 383 1
226 383 1
276 383 1
303 383 1
337 383 1
401 383 1
405 383 1
423 383 1
506 383 1
568 383 1
859 383 1
867 383 1
923 383 1
927 383 1
945 383 1
947 383 1
1005 383 1
104 384 1
303 384 1
341 384 1
394 384 1
656 384 1
660 384 1
881 384 1
889 384 1
152 386 1
578 386 1
185 388 1
341 388 1
423 388 1
653 388 1
754 388 1
756 388 1
885 388 1
889 388 1
25 389 1
140 389 1
324 389 1
407 389 1
421 389 1
523 389 1
554 389 1
605 389 1
653 389 1
658 389 1
713 389 1
756 389 1
779 389 1
797 389 1
836 389 1
845 389 1
864 389 1
874 389 1
889 389 1
892 389 1
945 389 1
1005 389 1
948 391 1
299 393 1
455 393 1
632 393 1
756 393 1
779 393 1
9 394 1
18 394 1
49 394 1
87 394 1
94 394 1
180 394 1
303 394 1
308 394 1
358 394 1
384 394 1
413 394 1
423 394 1
426 394 1
466 394 1
501 394 1
544 394 1
600 394 1
611 394 1
649 394 1
654 394 1
677 394 1
692 394 1
719 394 1
756 394 1
773 394 1
786 394 1
795 394 1
800 394 1
806 394 1
814 394 1
836 394 1
871 394 1
889 394 1
917 394 1
926 394 1
1002 394 1
303 397 1
506 398 1
948 398 1
17 400 1
87 400 1
106 400 1
123 400 1
277 400 1
625 400 1
649 400 1
656 400 1
660 400 1
756 400 1
945 400 1
1020 400 1
89 401 1
158 401 1
213 401 1
255 401 1
257 401 1
300 401 1
303 401 1
352 401 1
383 401 1
423 401 1
466 401 1
666 401 1
720 401 1
756 401 1
813 401 1
849 401 1
104 403 1
208 403 1
466 403 1
478 403 1
634 403 1
814 403 1
1013 403 1
9 404 1
16 404 1
25 404 1
87 404 1
352 404 1
523 404 1
596 404 1
677 404 1
719 404 1
756 404 1
1005 404 1
1020 404 1
9 405 1
17 405 1
87 405 1
96 405 1
128 405 1
140 405 1
158 405 1
180 405 1
282 405 1
294 405 1
299 405 1
303 405 1
318 405 1
337 405 1
383 405 1
410 405 1
423 405 1
427 405 1
456 405 1
478 405 1
494 405 1
503 405 1
506 405 1
523 405 1
534 405 1
569 405 1
636 405 1
653 405 1
671 405 1
692 405 1
713 405 1
756 405 1
760 405 1
813 405 1
814 405 1
842 405 1
845 405 1
892 405 1
917 405 1
963 405 1
1005 405 1
1015 405 1
29 406 1
58 406 1
87 406 1
141 406 1
221 406 1
255 406 1
303 406 1
307 406 1
320 406 1
341 406 1
466 406 1
481 406 1
637 406 1
638 406 1
756 406 1
779 406 1
845 406 1
878 406 1
885 406 1
888 406 1
892 406 1
945 406 1
1002 406 1
1022 406 1
62 407 1
68 407 1
87 407 1
102 407 1
137 407 1
155 407 1
178 407 1
180 407 1
255 407 1
259 407 1
271 407 1
277 407 1
303 407 1
333 407 1
373 407 1
376 407 1
389 407 1
423 407 1
465 407 1
480 407 1
506 407 1
600 407 1
611 407 1
618 407 1
625 407 1
653 407 1
654 407 1
675 407 1
714 407 1
718 407 1
719 407 1
756 407 1
779 407 1
799 407 1
806 407 1
836 407 1
864 407 1
876 407 1
881 407 1
885 407 1
889 407 1
899 407 1
914 407 1
917 407 1
948 407 1
1002 407 1
1019 407 1
29 410 1
170 410 1
405 410 1
756 410 1
799 410 1
917 412 1
89 413 1
201 413 1
394 413 1
806 413 1
845 413 1
881 413 1
919 413 1
952 413 1
1005 413 1
596 414 1
769 414 1
814 414 1
899 414 1
68 415 1
299 415 1
358 415 1
490 416 1
1005 416 1
352 418 1
494 418 1
899 418 1
25 420 1
373 420 1
269 421 1
270 421 1
389 421 1
756 421 1
878 421 1
29 422 1
104 422 1
671 422 1
829 422 1
881 422 1
892 422 1
9 423 1
18 423 1
25 423 1
29 423 1
42 423 1
53 423 1
68 423 1
69 423 1
83 423 1
87 423 1
89 423 1
104 423 1
121 423 1
132 423 1
140 423 1
148 423 1
158 423 1
177 423 1
194 423 1
208 423 1
211 423 1
245 423 1
250 423 1
255 423 1
257 423 1
265 423 1
267 423 1
278 423 1
288 423 1
299 423 1
303 423 1
310 423 1
322 423 1
341 423 1
345 423 1
376 423 1
380 423 1
383 423 1
388 423 1
394 423 1
401 423 1
405 423 1
407 423 1
438 423 1
439 423 1
455 423 1
464 423 1
466 423 1
473 423 1
478 423 1
481 423 1
494 423 1
509 423 1
523 423 1
537 423 1
542 423 1
544 423 1
552 423 1
554 423 1
569 423 1
581 423 1
592 423 1
596 423 1
600 423 1
608 423 1
625 423 1
640 423 1
653 423 1
654 423 1
660 423 1
663 423 1
666 423 1
671 423 1
691 423 1
692 423 1
694 423 1
695 423 1
696 423 1
703 423 1
713 423 1
721 423 1
722 423 1
726 423 1
745 423 1
754 423 1
756 423 1
779 423 1
786 423 1
797 423 1
799 423 1
800 423 1
806 423 1
813 423 1
814 423 1
816 423 1
826 423 1
836 423 1
845 423 1
849 423 1
855 423 1
859 423 1
873 423 1
874 423 1
885 423 1
888 423 1
892 423 1
917 423 1
923 423 1
926 423 1
951 423 1
965 423 1
969 423 1
1005 423 1
1015 423 1
1017 423 1
1018 423 1
884 425 1
394 426 1
16 427 1
177 427 1
405 427 1
456 427 1
473 427 1
578 427 1
696 427 1
504 430 1
719 430 1
814 430 1
1005 430 1
1019 430 1
140 431 1
695 431 1
509 432 1
892 432 1
255 434 1
542 434 1
566 434 1
695 434 1
1002 434 1
325 436 1
625 437 1
637 437 1
676 437 1
87 438 1
140 438 1
213 438 1
303 438 1
423 438 1
494 438 1
597 438 1
756 438 1
779 438 1
867 438 1
1004 438 1
1020 438 1
423 439 1
917 439 1
756 440 1
303 442 1
618 442 1
885 442 1
55 444 1
756 444 1
506 445 1
667 445 1
754 445 1
889 445 1
22 446 1
106 446 1
198 446 1
303 446 1
649 446 1
713 446 1
756 446 1
92 448 1
257 448 1
358 448 1
476 448 1
523 448 1
747 448 1
892 448 1
945 448 1
1005 448 1
1019 448 1
567 450 1
886 450 1
1005 451 1
314 452 1
610 452 1
638 452 1
779 452 1
257 453 1
341 453 1
627 453 1
709 453 1
9 455 1
25 455 1
29 455 1
70 455 1
87 455 1
89 455 1
123 455 1
137 455 1
158 455 1
245 455 1
267 455 1
289 455 1
318 455 1
331 455 1
340 455 1
341 455 1
393 455 1
423 455 1
466 455 1
520 455 1
625 455 1
631 455 1
659 455 1
688 455 1
756 455 1
761 455 1
774 455 1
779 455 1
845 455 1
849 455 1
859 455 1
881 455 1
912 455 1
917 455 1
945 455 1
1002 455 1
1005 455 1
49 456 1
53 456 1
70 456 1
96 456 1
303 456 1
337 456 1
341 456 1
405 456 1
427 456 1
554 456 1
596 456 1
719 456 1
756 456 1
849 456 1
881 456 1
898 456 1
917 456 1
924 456 1
941 456 1
945 456 1
881 457 1
68 458 1
255 458 1
506 458 1
756 458 1
639 460 1
814 460 1
87 461 1
220 462 1
325 462 1
480 462 1
527 462 1
569 462 1
25 463 1
87 463 1
242 463 1
283 463 1
373 463 1
478 463 1
498 463 1
720 463 1
756 463 1
779 463 1
814 463 1
842 463 1
1020 463 1
255 464 1
303 464 1
376 464 1
423 464 1
779 464 1
917 464 1
951 464 1
137 465 1
352 465 1
407 465 1
9 466 1
12 466 1
25 466 1
29 466 1
48 466 1
65 466 1
68 466 1
70 466 1
87 466 1
89 466 1
91 466 1
92 466 1
99 466 1
111 466 1
124 466 1
129 466 1
140 466 1
158 466 1
167 466 1
174 466 1
201 466 1
213 466 1
246 466 1
248 466 1
255 466 1
257 466 1
260 466 1
276 466 1
278 466 1
299 466 1
303 466 1
304 466 1
325 466 1
337 466 1
338 466 1
341 466 1
352 466 1
359 466 1
360 466 1
364 466 1
394 466 1
401 466 1
403 466 1
406 466 1
423 466 1
455 466 1
473 466 1
480 466 1
494 466 1
506 466 1
510 466 1
521 466 1
523 466 1
534 466 1
552 466 1
554 466 1
560 466 1
569 466 1
574 466 1
596 466 1
602 466 1
605 466 1
621 466 1
653 466 1
656 466 1
660 466 1
671 466 1
673 466 1
676 466 1
692 466 1
697 466 1
713 466 1
719 466 1
720 466 1
745 466 1
754 466 1
756 466 1
774 466 1
779 466 1
783 466 1
786 466 1
788 466 1
797 466 1
813 466 1
814 466 1
815 466 1
822 466 1
845 466 1
847 466 1
859 466 1
865 466 1
867 466 1
873 466 1
878 466 1
881 466 1
888 466 1
889 466 1
892 466 1
917 466 1
925 466 1
928 466 1
936 466 1
941 466 1
942 466 1
945 466 1
951 466 1
1002 466 1
1005 466 1
1016 466 1
1019 466 1
87 467 1
638 467 1
140 468 1
352 468 1
559 468 1
653 468 1
341 470 1
756 470 1
22 471 1
180 471 1
859 471 1
1005 471 1
278 473 1
341 473 1
423 473 1
427 473 1
466 473 1
713 473 1
756 473 1
800 473 1
892 473 1
823 475 1
337 476 1
448 476 1
660 476 1
756 476 1
87 478 1
319 478 1
403 478 1
405 478 1
423 478 1
463 478 1
622 478 1
658 478 1
713 478 1
722 478 1
779 478 1
829 478 1
899 478 1
941 478 1
8 480 1
9 480 1
16 480 1
18 480 1
39 480 1
87 480 1
140 480 1
208 480 1
213 480 1
341 480 1
407 480 1
462 480 1
466 480 1
494 480 1
675 480 1
756 480 1
779 480 1
813 480 1
985 480 1
246 481 1
406 481 1
423 481 1
552 481 1
773 481 1
907 481 1
1005 482 1
87 485 1
528 486 1
178 487 1
416 490 1
945 490 1
756 491 1
9 494 1
25 494 1
65 494 1
87 494 1
109 494 1
123 494 1
128 494 1
140 494 1
155 494 1
257 494 1
299 494 1
303 494 1
310 494 1
341 494 1
352 494 1
373 494 1
382 494 1
405 494 1
418 494 1
423 494 1
438 494 1
466 494 1
480 494 1
523 494 1
569 494 1
608 494 1
636 494 1
637 494 1
663 494 1
675 494 1
689 494 1
756 494 1
779 494 1
836 494 1
881 494 1
892 494 1
917 494 1
923 494 1
930 494 1
951 494 1
991 494 1
1002 494 1
1009 494 1
1017 494 1
501 495 1
653 495 1
925 496 1
50 498 1
463 498 1
504 498 1
600 498 1
720 498 1
756 498 1
394 501 1
495 501 1
779 501 1
813 501 1
1002 501 1
1005 501 1
18 503 1
68 503 1
87 503 1
140 503 1
255 503 1
382 503 1
405 503 1
504 503 1
654 503 1
658 503 1
660 503 1
726 503 1
813 503 1
945 503 1
1005 503 1
68 504 1
158 504 1
255 504 1
430 504 1
498 504 1
503 504 1
542 504 1
756 504 1
757 504 1
779 504 1
813 504 1
885 504 1
917 504 1
923 504 1
999 504 1
18 506 1
27 506 1
58 506 1
140 506 1
180 506 1
246 506 1
255 506 1
263 506 1
267 506 1
277 506 1
303 506 1
328 506 1
351 506 1
383 506 1
398 506 1
405 506 1
407 506 1
445 506 1
458 506 1
466 506 1
528 506 1
537 506 1
549 506 1
552 506 1
572 506 1
593 506 1
600 506 1
660 506 1
666 506 1
675 506 1
713 506 1
756 506 1
820 506 1
864 506 1
874 506 1
877 506 1
881 506 1
888 506 1
925 506 1
948 506 1
951 506 1
969 506 1
1016 506 1
1019 506 1
49 508 1
756 508 1
829 508 1
959 508 1
423 509 1
432 509 1
671 509 1
1005 509 1
466 510 1
699 510 1
754 510 1
892 515 1
9 517 1
155 517 1
255 518 1
303 520 1
341 520 1
455 520 1
595 520 1
596 520 1
600 520 1
666 520 1
756 520 1
761 520 1
779 520 1
814 520 1
899 520 1
917 520 1
920 520 1
1002 520 1
1005 520 1
25 521 1
56 521 1
68 521 1
70 521 1
87 521 1
104 521 1
140 521 1
157 521 1
221 521 1
257 521 1
310 521 1
466 521 1
671 521 1
704 521 1
745 521 1
756 521 1
838 521 1
917 521 1
1013 521 1
25 522 1
303 522 1
49 523 1
56 523 1
68 523 1
89 523 1
102 523 1
140 523 1
248 523 1
250 523 1
255 523 1
257 523 1
299 523 1
303 523 1
341 523 1
352 523 1
374 523 1
389 523 1
404 523 1
405 523 1
423 523 1
448 523 1
466 523 1
494 523 1
539 523 1
582 523 1
588 523 1
600 523 1
657 523 1
668 523 1
692 523 1
697 523 1
712 523 1
726 523 1
736 523 1
756 523 1
769 523 1
779 523 1
794 523 1
822 523 1
849 523 1
876 523 1
892 523 1
899 523 1
917 523 1
951 523 1
1005 523 1
1019 523 1
877 524 1
549 526 1
462 527 1
128 528 1
303 528 1
341 528 1
486 528 1
506 528 1
945 528 1
307 529 1
352 529 1
622 529 1
779 529 1
88 530 1
158 530 1
169 530 1
337 530 1
800 530 1
917 531 1
405 534 1
466 534 1
892 534 1
201 535 1
211 535 1
596 535 1
756 535 1
1005 536 1
141 537 1
198 537 1
339 537 1
341 537 1
423 537 1
506 537 1
756 537 1
905 537 1
948 537 1
951 537 1
756 538 1
123 539 1
146 539 1
523 539 1
754 539 1
622 540 1
83 541 1
140 541 1
658 541 1
779 541 1
813 541 1
867 541 1
874 541 1
25 542 1
58 542 1
68 542 1
111 542 1
246 542 1
423 542 1
434 542 1
504 542 1
552 542 1
562 542 1
756 542 1
779 542 1
845 542 1
856 542 1
888 542 1
934 542 1
39 544 1
89 544 1
178 544 1
299 544 1
303 544 1
394 544 1
423 544 1
554 544 1
653 544 1
667 544 1
766 544 1
795 544 1
874 544 1
892 544 1
899 544 1
917 544 1
948 544 1
970 544 1
87 545 1
129 545 1
756 545 1
806 546 1
180 547 1
303 547 1
104 548 1
111 548 1
578 548 1
739 548 1
889 548 1
506 549 1
526 549 1
29 551 1
17 552 1
68 552 1
89 552 1
104 552 1
126 552 1
288 552 1
303 552 1
331 552 1
423 552 1
466 552 1
481 552 1
506 552 1
542 552 1
658 552 1
756 552 1
885 552 1
899 552 1
917 552 1
941 552 1
1005 552 1
69 554 1
168 554 1
180 554 1
255 554 1
303 554 1
315 554 1
389 554 1
423 554 1
456 554 1
466 554 1
544 554 1
675 554 1
676 554 1
713 554 1
761 554 1
779 554 1
864 554 1
878 554 1
917 554 1
970 554 1
57 555 1
87 557 1
632 557 1
756 557 1
13 558 1
468 559 1
713 559 1
87 560 1
104 560 1
158 560 1
466 560 1
680 560 1
779 560 1
794 560 1
246 561 1
263 561 1
267 561 1
299 561 1
304 561 1
341 561 1
625 561 1
704 561 1
709 561 1
774 561 1
779 561 1
799 561 1
800 561 1
1009 561 1
188 562 1
273 562 1
352 562 1
542 562 1
697 562 1
756 562 1
1005 562 1
68 563 1
1002 563 1
257 564 1
352 564 1
180 566 1
303 566 1
434 566 1
889 566 1
155 567 1
450 567 1
692 567 1
948 567 1
951 567 1
140 568 1
383 568 1
671 568 1
756 568 1
951 568 1
44 569 1
68 569 1
69 569 1
87 569 1
106 569 1
140 569 1
158 569 1
229 569 1
246 569 1
255 569 1
263 569 1
303 569 1
328 569 1
341 569 1
373 569 1
405 569 1
423 569 1
462 569 1
466 569 1
494 569 1
597 569 1
600 569 1
605 569 1
716 569 1
756 569 1
797 569 1
870 569 1
881 569 1
885 569 1
917 569 1
951 569 1
999 569 1
1003 569 1
140 570 1
227 571 1
177 572 1
506 572 1
282 574 1
466 574 1
660 574 1
677 574 1
722 574 1
756 574 1
779 574 1
945 574 1
29 576 1
53 576 1
111 576 1
726 576 1
859 576 1
874 576 1
912 576 1
273 578 1
286 578 1
386 578 1
427 578 1
548 578 1
754 578 1
756 578 1
786 578 1
25 579 1
49 579 1
246 579 1
288 579 1
299 579 1
303 579 1
337 579 1
596 579 1
631 579 1
675 579 1
692 579 1
713 579 1
722 579 1
754 579 1
756 579 1
848 579 1
885 579 1
1005 579 1
140 581 1
270 581 1
337 581 1
423 581 1
600 581 1
974 581 1
341 582 1
523 582 1
760 582 1
756 583 1
248 585 1
660 585 1
671 585 1
864 585 1
877 585 1
879 585 1
1009 585 1
341 587 1
917 587 1
9 588 1
263 588 1
523 588 1
1012 588 1
147 589 1
168 589 1
352 589 1
605 589 1
756 589 1
806 589 1
985 589 1
713 590 1
89 592 1
423 592 1
907 592 1
506 593 1
520 595 1
68 596 1
303 596 1
404 596 1
414 596 1
423 596 1
456 596 1
466 596 1
520 596 1
535 596 1
579 596 1
779 596 1
814 596 1
1002 596 1
9 597 1
89 597 1
140 597 1
303 597 1
352 597 1
438 597 1
569 597 1
622 597 1
644 597 1
656 597 1
848 597 1
892 597 1
902 597 1
917 597 1
1005 597 1
29 598 1
102 598 1
345 598 1
692 598 1
89 599 1
16 600 1
29 600 1
87 600 1
94 600 1
104 600 1
106 600 1
111 600 1
168 600 1
174 600 1
175 600 1
180 600 1
188 600 1
213 600 1
248 600 1
255 600 1
257 600 1
279 600 1
282 600 1
303 600 1
337 600 1
341 600 1
374 600 1
376 600 1
394 600 1
407 600 1
423 600 1
498 600 1
506 600 1
520 600 1
523 600 1
569 600 1
581 600 1
618 600 1
627 600 1
671 600 1
695 600 1
719 600 1
726 600 1
743 600 1
754 600 1
756 600 1
778 600 1
779 600 1
783 600 1
786 600 1
813 600 1
814 600 1
824 600 1
830 600 1
836 600 1
845 600 1
877 600 1
885 600 1
899 600 1
917 600 1
1002 600 1
1005 600 1
87 602 1
345 602 1
466 602 1
756 602 1
829 602 1
341 604 1
111 605 1
178 605 1
303 605 1
389 605 1
466 605 1
569 605 1
589 605 1
713 605 1
754 605 1
756 605 1
773 605 1
799 605 1
814 605 1
848 605 1
860 605 1
930 605 1
948 605 1
123 606 1
756 606 1
958 607 1
87 608 1
99 608 1
140 608 1
339 608 1
423 608 1
494 608 1
756 608 1
889 608 1
917 608 1
945 608 1
87 609 1
331 609 1
779 609 1
917 609 1
945 609 1
452 610 1
719 610 1
49 611 1
68 611 1
239 611 1
255 611 1
341 611 1
394 611 1
407 611 1
649 611 1
667 611 1
756 611 1
806 611 1
826 611 1
923 611 1
945 611 1
951 611 1
969 611 1
18 613 1
359 613 1
1014 613 1
87 618 1
140 618 1
288 618 1
341 618 1
407 618 1
442 618 1
600 618 1
709 618 1
137 621 1
178 621 1
466 621 1
639 621 1
697 621 1
806 621 1
140 622 1
178 622 1
180 622 1
255 622 1
277 622 1
315 622 1
352 622 1
478 622 1
529 622 1
540 622 1
597 622 1
638 622 1
720 622 1
730 622 1
756 622 1
865 622 1
874 622 1
938 622 1
87 623 1
154 623 1
337 623 1
845 623 1
9 625 1
12 625 1
68 625 1
78 625 1
87 625 1
89 625 1
128 625 1
159 625 1
208 625 1
211 625 1
213 625 1
216 625 1
229 625 1
239 625 1
246 625 1
255 625 1
282 625 1
303 625 1
325 625 1
331 625 1
341 625 1
400 625 1
407 625 1
423 625 1
437 625 1
455 625 1
561 625 1
637 625 1
658 625 1
689 625 1
713 625 1
719 625 1
754 625 1
756 625 1
761 625 1
779 625 1
917 625 1
928 625 1
951 625 1
1005 625 1
88 627 1
453 627 1
600 627 1
756 627 1
168 630 1
178 630 1
255 630 1
167 631 1
455 631 1
579 631 1
692 631 1
756 631 1
899 631 1
15 632 1
29 632 1
70 632 1
89 632 1
341 632 1
393 632 1
557 632 1
656 632 1
726 632 1
899 632 1
795 633 1
403 634 1
303 636 1
405 636 1
494 636 1
756 636 1
945 636 1
49 637 1
146 637 1
168 637 1
173 637 1
191 637 1
213 637 1
299 637 1
406 637 1
437 637 1
494 637 1
625 637 1
756 637 1
779 637 1
849 637 1
934 637 1
1005 637 1
1013 637 1
22 638 1
89 638 1
140 638 1
178 638 1
211 638 1
303 638 1
328 638 1
406 638 1
452 638 1
467 638 1
622 638 1
756 638 1
779 638 1
1022 638 1
337 639 1
460 639 1
621 639 1
649 639 1
423 640 1
158 641 1
246 641 1
304 641 1
758 641 1
901 641 1
970 641 1
87 644 1
597 644 1
676 644 1
713 644 1
818 644 1
180 645 1
1005 645 1
255 647 1
257 647 1
864 647 1
12 649 1
24 649 1
25 649 1
49 649 1
53 649 1
104 649 1
140 649 1
167 649 1
177 649 1
178 649 1
255 649 1
263 649 1
394 649 1
400 649 1
446 649 1
611 649 1
639 649 1
713 649 1
917 649 1
951 649 1
18 651 1
177 651 1
1002 651 1
18 653 1
29 653 1
49 653 1
62 653 1
87 653 1
89 653 1
104 653 1
132 653 1
140 653 1
168 653 1
174 653 1
180 653 1
246 653 1
298 653 1
303 653 1
321 653 1
341 653 1
352 653 1
388 653 1
389 653 1
405 653 1
407 653 1
423 653 1
466 653 1
468 653 1
495 653 1
544 653 1
689 653 1
692 653 1
726 653 1
756 653 1
779 653 1
797 653 1
813 653 1
845 653 1
873 653 1
885 653 1
889 653 1
895 653 1
899 653 1
917 653 1
925 653 1
942 653 1
945 653 1
1000 653 1
1002 653 1
1019 653 1
1020 653 1
87 654 1
89 654 1
104 654 1
119 654 1
171 654 1
280 654 1
328 654 1
394 654 1
407 654 1
423 654 1
503 654 1
756 654 1
899 654 1
1005 654 1
1005 655 1
158 656 1
177 656 1
255 656 1
276 656 1
277 656 1
384 656 1
400 656 1
466 656 1
597 656 1
632 656 1
756 656 1
779 656 1
813 656 1
945 656 1
1005 656 1
246 657 1
523 657 1
678 657 1
756 657 1
867 657 1
9 658 1
53 658 1
56 658 1
255 658 1
303 658 1
389 658 1
478 658 1
503 658 1
541 658 1
552 658 1
625 658 1
699 658 1
756 658 1
787 658 1
870 658 1
885 658 1
978 658 1
140 659 1
455 659 1
756 659 1
1005 659 1
17 660 1
18 660 1
68 660 1
87 660 1
89 660 1
106 660 1
111 660 1
123 660 1
126 660 1
162 660 1
255 660 1
277 660 1
311 660 1
352 660 1
376 660 1
379 660 1
384 660 1
400 660 1
423 660 1
466 660 1
476 660 1
503 660 1
506 660 1
574 660 1
585 660 1
679 660 1
689 660 1
713 660 1
754 660 1
756 660 1
779 660 1
783 660 1
806 660 1
869 660 1
888 660 1
889 660 1
917 660 1
945 660 1
951 660 1
958 660 1
1002 660 1
1009 660 1
83 662 1
423 663 1
494 663 1
756 663 1
955 663 1
87 666 1
210 666 1
255 666 1
277 666 1
338 666 1
352 666 1
401 666 1
423 666 1
506 666 1
520 666 1
692 666 1
697 666 1
899 666 1
1005 666 1
341 667 1
445 667 1
544 667 1
611 667 1
779 667 1
864 667 1
928 667 1
158 668 1
523 668 1
692 668 1
756 668 1
18 671 1
62 671 1
68 671 1
104 671 1
158 671 1
165 671 1
255 671 1
303 671 1
405 671 1
422 671 1
423 671 1
466 671 1
509 671 1
521 671 1
568 671 1
585 671 1
600 671 1
742 671 1
754 671 1
756 671 1
845 671 1
917 671 1
945 671 1
949 671 1
1011 671 1
111 672 1
22 673 1
58 673 1
87 673 1
337 673 1
342 673 1
466 673 1
756 673 1
822 673 1
845 673 1
885 674 1
58 675 1
87 675 1
146 675 1
158 675 1
177 675 1
255 675 1
307 675 1
407 675 1
480 675 1
494 675 1
506 675 1
554 675 1
579 675 1
853 675 1
268 676 1
303 676 1
437 676 1
466 676 1
554 676 1
644 676 1
727 676 1
756 676 1
917 676 1
25 677 1
104 677 1
286 677 1
288 677 1
325 677 1
341 677 1
394 677 1
404 677 1
574 677 1
720 677 1
770 677 1
967 677 1
29 678 1
178 678 1
255 678 1
299 678 1
657 678 1
719 678 1
823 678 1
892 678 1
941 678 1
660 679 1
89 680 1
560 680 1
945 682 1
87 683 1
697 683 1
833 683 1
914 684 1
303 685 1
1005 687 1
455 688 1
68 689 1
102 689 1
111 689 1
146 689 1
246 689 1
277 689 1
278 689 1
382 689 1
494 689 1
625 689 1
653 689 1
660 689 1
713 689 1
756 689 1
806 689 1
856 689 1
912 689 1
942 690 1
423 691 1
1010 691 1
17 692 1
25 692 1
68 692 1
70 692 1
77 692 1
87 692 1
105 692 1
124 692 1
140 692 1
177 692 1
213 692 1
218 692 1
246 692 1
255 692 1
257 692 1
337 692 1
394 692 1
405 692 1
423 692 1
466 692 1
523 692 1
567 692 1
579 692 1
598 692 1
631 692 1
653 692 1
666 692 1
668 692 1
756 692 1
783 692 1
806 692 1
823 692 1
833 692 1
964 692 1
845 693 1
423 694 1
813 694 1
87 695 1
423 695 1
431 695 1
434 695 1
600 695 1
878 695 1
881 695 1
991 695 1
219 696 1
303 696 1
423 696 1
427 696 1
719 696 1
836 696 1
25 697 1
140 697 1
219 697 1
299 697 1
303 697 1
337 697 1
466 697 1
523 697 1
562 697 1
621 697 1
666 697 1
683 697 1
839 697 1
892 697 1
1005 697 1
1009 697 1
1017 697 1
246 698 1
756 698 1
9 699 1
510 699 1
658 699 1
756 699 1
814 699 1
889 699 1
917 699 1
925 699 1
87 701 1
423 703 1
521 704 1
561 704 1
818 704 1
945 704 1
303 707 1
341 707 1
814 707 1
9 709 1
140 709 1
453 709 1
561 709 1
618 709 1
892 709 1
899 710 1
523 712 1
899 712 1
917 712 1
18 713 1
54 713 1
87 713 1
123 713 1
140 713 1
158 713 1
165 713 1
188 713 1
203 713 1
246 713 1
255 713 1
257 713 1
263 713 1
269 713 1
303 713 1
352 713 1
367 713 1
389 713 1
405 713 1
423 713 1
446 713 1
466 713 1
473 713 1
478 713 1
506 713 1
554 713 1
559 713 1
579 713 1
590 713 1
605 713 1
625 713 1
644 713 1
649 713 1
660 713 1
689 713 1
754 713 1
756 713 1
774 713 1
806 713 1
814 713 1
860 713 1
875 713 1
889 713 1
892 713 1
899 713 1
917 713 1
925 713 1
951 713 1
963 713 1
1005 713 1
407 714 1
756 714 1
819 714 1
360 716 1
569 716 1
756 716 1
945 716 1
795 717 1
89 718 1
352 718 1
407 718 1
779 718 1
25 719 1
56 719 1
104 719 1
140 719 1
176 719 1
257 719 1
258 719 1
299 719 1
325 719 1
337 719 1
341 719 1
394 719 1
404 719 1
407 719 1
430 719 1
456 719 1
466 719 1
600 719 1
610 719 1
625 719 1
678 719 1
696 719 1
756 719 1
861 719 1
886 719 1
892 719 1
896 719 1
917 719 1
1005 719 1
1014 719 1
68 720 1
87 720 1
89 720 1
140 720 1
315 720 1
401 720 1
463 720 1
466 720 1
498 720 1
622 720 1
677 720 1
721 720 1
727 720 1
756 720 1
813 720 1
885 720 1
886 720 1
917 720 1
341 721 1
423 721 1
720 721 1
29 722 1
87 722 1
186 722 1
255 722 1
304 722 1
322 722 1
376 722 1
423 722 1
478 722 1
574 722 1
579 722 1
756 722 1
874 722 1
881 722 1
1002 722 1
352 724 1
756 724 1
68 726 1
245 726 1
299 726 1
423 726 1
503 726 1
523 726 1
576 726 1
600 726 1
632 726 1
653 726 1
756 726 1
766 726 1
797 726 1
804 726 1
1005 726 1
87 727 1
248 727 1
303 727 1
322 727 1
676 727 1
720 727 1
848 727 1
899 727 1
622 730 1
87 736 1
523 736 1
912 736 1
299 737 1
9 739 1
548 739 1
303 740 1
1004 740 1
671 742 1
756 742 1
797 742 1
806 742 1
600 743 1
898 743 1
917 743 1
18 745 1
341 745 1
423 745 1
466 745 1
521 745 1
756 745 1
89 746 1
9 747 1
167 747 1
178 747 1
188 747 1
448 747 1
779 747 1
899 747 1
945 747 1
168 748 1
158 750 1
9 754 1
49 754 1
53 754 1
87 754 1
92 754 1
94 754 1
124 754 1
128 754 1
211 754 1
246 754 1
307 754 1
325 754 1
338 754 1
341 754 1
365 754 1
388 754 1
423 754 1
445 754 1
466 754 1
510 754 1
539 754 1
578 754 1
579 754 1
600 754 1
605 754 1
625 754 1
660 754 1
671 754 1
713 754 1
756 754 1
779 754 1
813 754 1
829 754 1
835 754 1
883 754 1
899 754 1
917 754 1
947 754 1
1009 754 1
1014 754 1
1019 754 1
1020 754 1
9 756 1
12 756 1
16 756 1
18 756 1
20 756 1
24 756 1
25 756 1
29 756 1
32 756 1
34 756 1
49 756 1
53 756 1
58 756 1
61 756 1
65 756 1
68 756 1
70 756 1
74 756 1
87 756 1
88 756 1
89 756 1
90 756 1
94 756 1
96 756 1
99 756 1
104 756 1
106 756 1
116 756 1
123 756 1
128 756 1
132 756 1
137 756 1
140 756 1
141 756 1
146 756 1
147 756 1
149 756 1
156 756 1
158 756 1
164 756 1
168 756 1
177 756 1
178 756 1
180 756 1
188 756 1
194 756 1
195 756 1
198 756 1
204 756 1
211 756 1
213 756 1
218 756 1
219 756 1
223 756 1
226 756 1
239 756 1
242 756 1
244 756 1
246 756 1
248 756 1
255 756 1
257 756 1
260 756 1
267 756 1
269 756 1
277 756 1
278 756 1
279 756 1
282 756 1
294 756 1
298 756 1
299 756 1
303 756 1
304 756 1
307 756 1
310 756 1
318 756 1
320 756 1
322 756 1
323 756 1
325 756 1
327 756 1
328 756 1
331 756 1
333 756 1
337 756 1
338 756 1
339 756 1
341 756 1
345 756 1
349 756 1
351 756 1
352 756 1
354 756 1
359 756 1
361 756 1
380 756 1
382 756 1
388 756 1
389 756 1
393 756 1
394 756 1
400 756 1
401 756 1
404 756 1
405 756 1
406 756 1
407 756 1
410 756 1
421 756 1
423 756 1
438 756 1
440 756 1
444 756 1
446 756 1
455 756 1
456 756 1
458 756 1
463 756 1
466 756 1
470 756 1
473 756 1
476 756 1
480 756 1
491 756 1
494 756 1
498 756 1
504 756 1
506 756 1
508 756 1
520 756 1
521 756 1
523 756 1
535 756 1
537 756 1
538 756 1
542 756 1
545 756 1
552 756 1
557 756 1
562 756 1
568 756 1
569 756 1
574 756 1
578 756 1
579 756 1
583 756 1
589 756 1
600 756 1
602 756 1
605 756 1
606 756 1
608 756 1
611 756 1
622 756 1
625 756 1
627 756 1
631 756 1
636 756 1
637 756 1
638 756 1
653 756 1
654 756 1
656 756 1
657 756 1
658 756 1
659 756 1
660 756 1
663 756 1
668 756 1
671 756 1
673 756 1
676 756 1
689 756 1
692 756 1
698 756 1
699 756 1
713 756 1
714 756 1
716 756 1
719 756 1
720 756 1
722 756 1
724 756 1
726 756 1
742 756 1
745 756 1
754 756 1
777 756 1
779 756 1
786 756 1
797 756 1
799 756 1
800 756 1
806 756 1
808 756 1
809 756 1
813 756 1
814 756 1
829 756 1
830 756 1
836 756 1
842 756 1
844 756 1
845 756 1
847 756 1
848 756 1
850 756 1
856 756 1
860 756 1
861 756 1
864 756 1
873 756 1
874 756 1
876 756 1
879 756 1
881 756 1
885 756 1
888 756 1
889 756 1
892 756 1
898 756 1
899 756 1
901 756 1
907 756 1
912 756 1
917 756 1
920 756 1
922 756 1
923 756 1
925 756 1
928 756 1
940 756 1
945 756 1
947 756 1
948 756 1
951 756 1
967 756 1
969 756 1
970 756 1
972 756 1
985 756 1
993 756 1
994 756 1
998 756 1
999 756 1
1000 756 1
1002 756 1
1004 756 1
1005 756 1
1008 756 1
1009 756 1
1013 756 1
1014 756 1
1020 756 1
1022 756 1
1023 756 1
18 757 1
266 757 1
504 757 1
779 757 1
68 758 1
248 758 1
299 758 1
641 758 1
822 758 1
186 759 1
188 759 1
951 759 1
405 760 1
582 760 1
786 760 1
257 761 1
341 761 1
455 761 1
520 761 1
554 761 1
625 761 1
917 763 1
255 766 1
544 766 1
726 766 1
779 766 1
106 768 1
924 768 1
1005 768 1
255 769 1
303 769 1
414 769 1
523 769 1
859 769 1
881 769 1
8 770 1
677 770 1
1020 771 1
394 773 1
481 773 1
605 773 1
874 773 1
917 773 1
945 773 1
87 774 1
255 774 1
455 774 1
466 774 1
561 774 1
713 774 1
338 777 1
756 777 1
600 778 1
9 779 1
18 779 1
24 779 1
25 779 1
49 779 1
58 779 1
68 779 1
87 779 1
89 779 1
102 779 1
104 779 1
106 779 1
123 779 1
129 779 1
132 779 1
139 779 1
140 779 1
146 779 1
167 779 1
168 779 1
178 779 1
179 779 1
193 779 1
213 779 1
229 779 1
255 779 1
257 779 1
263 779 1
277 779 1
294 779 1
299 779 1
303 779 1
322 779 1
328 779 1
331 779 1
337 779 1
341 779 1
352 779 1
358 779 1
363 779 1
389 779 1
393 779 1
406 779 1
407 779 1
423 779 1
438 779 1
452 779 1
455 779 1
463 779 1
464 779 1
466 779 1
478 779 1
480 779 1
494 779 1
501 779 1
504 779 1
520 779 1
523 779 1
529 779 1
541 779 1
542 779 1
554 779 1
560 779 1
561 779 1
574 779 1
596 779 1
600 779 1
609 779 1
625 779 1
637 779 1
638 779 1
653 779 1
656 779 1
660 779 1
667 779 1
718 779 1
747 779 1
754 779 1
756 779 1
757 779 1
766 779 1
783 779 1
785 779 1
791 779 1
795 779 1
796 779 1
797 779 1
803 779 1
804 779 1
813 779 1
842 779 1
849 779 1
853 779 1
859 779 1
876 779 1
881 779 1
885 779 1
889 779 1
892 779 1
893 779 1
899 779 1
905 779 1
912 779 1
917 779 1
928 779 1
945 779 1
978 779 1
980 779 1
981 779 1
1002 779 1
1005 779 1
1009 779 1
1014 779 1
246 783 1
299 783 1
466 783 1
600 783 1
660 783 1
692 783 1
779 783 1
104 784 1
140 784 1
341 784 1
917 784 1
1020 784 1
257 785 1
779 785 1
87 786 1
140 786 1
257 786 1
270 786 1
337 786 1
341 786 1
394 786 1
423 786 1
466 786 1
578 786 1
600 786 1
756 786 1
760 786 1
942 786 1
1022 786 1
658 787 1
156 788 1
466 788 1
255 789 1
303 791 1
779 791 1
257 794 1
299 794 1
352 794 1
523 794 1
560 794 1
951 794 1
22 795 1
29 795 1
255 795 1
257 795 1
352 795 1
394 795 1
544 795 1
633 795 1
717 795 1
779 795 1
813 795 1
877 795 1
881 795 1
917 795 1
928 795 1
990 795 1
1022 795 1
276 796 1
779 796 1
25 797 1
303 797 1
389 797 1
423 797 1
466 797 1
569 797 1
653 797 1
726 797 1
742 797 1
756 797 1
779 797 1
822 797 1
945 797 1
1002 798 1
18 799 1
87 799 1
140 799 1
146 799 1
177 799 1
255 799 1
407 799 1
410 799 1
423 799 1
561 799 1
605 799 1
756 799 1
829 799 1
848 799 1
907 799 1
87 800 1
140 800 1
255 800 1
341 800 1
373 800 1
394 800 1
423 800 1
473 800 1
530 800 1
561 800 1
756 800 1
889 800 1
899 800 1
1000 800 1
1005 800 1
317 802 1
779 803 1
255 804 1
726 804 1
779 804 1
889 804 1
17 806 1
65 806 1
68 806 1
87 806 1
89 806 1
92 806 1
126 806 1
146 806 1
155 806 1
177 806 1
220 806 1
257 806 1
277 806 1
303 806 1
307 806 1
314 806 1
337 806 1
345 806 1
352 806 1
394 806 1
407 806 1
413 806 1
423 806 1
546 806 1
589 806 1
611 806 1
621 806 1
660 806 1
689 806 1
692 806 1
713 806 1
742 806 1
756 806 1
845 806 1
849 806 1
859 806 1
865 806 1
876 806 1
881 806 1
888 806 1
907 806 1
303 807 1
813 807 1
918 807 1
962 807 1
58 808 1
299 808 1
756 808 1
756 809 1
49 810 1
926 810 1
1005 810 1
22 813 1
49 813 1
58 813 1
87 813 1
97 813 1
106 813 1
132 813 1
140 813 1
152 813 1
165 813 1
246 813 1
255 813 1
303 813 1
341 813 1
401 813 1
405 813 1
423 813 1
466 813 1
480 813 1
501 813 1
503 813 1
504 813 1
541 813 1
600 813 1
653 813 1
656 813 1
694 813 1
720 813 1
754 813 1
756 813 1
779 813 1
795 813 1
807 813 1
814 813 1
822 813 1
845 813 1
867 813 1
885 813 1
888 813 1
892 813 1
907 813 1
917 813 1
924 813 1
1002 813 1
1005 813 1
1009 813 1
9 814 1
18 814 1
25 814 1
62 814 1
68 814 1
91 814 1
105 814 1
123 814 1
132 814 1
140 814 1
158 814 1
213 814 1
263 814 1
267 814 1
303 814 1
341 814 1
352 814 1
394 814 1
403 814 1
405 814 1
414 814 1
423 814 1
430 814 1
460 814 1
463 814 1
466 814 1
520 814 1
596 814 1
600 814 1
605 814 1
699 814 1
707 814 1
713 814 1
756 814 1
813 814 1
838 814 1
869 814 1
889 814 1
917 814 1
945 814 1
1005 814 1
1009 814 1
263 815 1
466 815 1
423 816 1
129 818 1
644 818 1
704 818 1
859 818 1
1002 818 1
714 819 1
506 820 1
58 822 1
140 822 1
246 822 1
257 822 1
280 822 1
352 822 1
466 822 1
523 822 1
673 822 1
758 822 1
797 822 1
813 822 1
895 822 1
945 822 1
1005 822 1
1022 822 1
129 823 1
475 823 1
678 823 1
692 823 1
917 823 1
923 823 1
1017 823 1
102 824 1
255 824 1
345 824 1
600 824 1
423 826 1
611 826 1
87 829 1
137 829 1
178 829 1
180 829 1
255 829 1
277 829 1
315 829 1
422 829 1
478 829 1
508 829 1
602 829 1
754 829 1
756 829 1
799 829 1
838 829 1
9 830 1
248 830 1
600 830 1
756 830 1
881 830 1
49 833 1
87 833 1
683 833 1
692 833 1
848 833 1
876 833 1
889 833 1
947 833 1
1022 833 1
70 834 1
25 835 1
246 835 1
754 835 1
18 836 1
42 836 1
119 836 1
155 836 1
341 836 1
389 836 1
394 836 1
407 836 1
423 836 1
494 836 1
600 836 1
696 836 1
756 836 1
861 836 1
885 836 1
888 836 1
917 836 1
925 836 1
1005 836 1
257 837 1
521 838 1
814 838 1
829 838 1
140 839 1
697 839 1
255 841 1
1005 841 1
49 842 1
246 842 1
303 842 1
405 842 1
463 842 1
756 842 1
779 842 1
945 842 1
862 843 1
255 844 1
337 844 1
382 844 1
756 844 1
970 844 1
49 845 1
106 845 1
140 845 1
146 845 1
167 845 1
198 845 1
202 845 1
218 845 1
303 845 1
337 845 1
352 845 1
358 845 1
389 845 1
405 845 1
406 845 1
413 845 1
423 845 1
455 845 1
466 845 1
542 845 1
600 845 1
623 845 1
653 845 1
671 845 1
673 845 1
693 845 1
756 845 1
806 845 1
813 845 1
883 845 1
885 845 1
917 845 1
919 845 1
925 845 1
947 845 1
967 845 1
87 847 1
223 847 1
352 847 1
466 847 1
756 847 1
859 847 1
963 847 1
140 848 1
250 848 1
579 848 1
597 848 1
605 848 1
727 848 1
756 848 1
799 848 1
833 848 1
885 848 1
907 848 1
920 848 1
964 848 1
1005 848 1
12 849 1
25 849 1
87 849 1
106 849 1
299 849 1
341 849 1
401 849 1
423 849 1
455 849 1
456 849 1
523 849 1
637 849 1
779 849 1
806 849 1
864 849 1
889 849 1
941 849 1
756 850 1
917 852 1
1005 852 1
242 853 1
675 853 1
779 853 1
1005 853 1
325 855 1
341 855 1
423 855 1
857 855 1
888 855 1
140 856 1
313 856 1
542 856 1
689 856 1
756 856 1
873 856 1
925 856 1
87 857 1
188 857 1
255 857 1
855 857 1
917 857 1
186 858 1
12 859 1
48 859 1
55 859 1
87 859 1
178 859 1
186 859 1
303 859 1
352 859 1
383 859 1
423 859 1
455 859 1
466 859 1
471 859 1
576 859 1
769 859 1
779 859 1
806 859 1
818 859 1
847 859 1
962 859 1
1005 859 1
1022 859 1
83 860 1
104 860 1
605 860 1
713 860 1
756 860 1
1005 860 1
719 861 1
756 861 1
836 861 1
843 862 1
898 863 1
126 864 1
140 864 1
158 864 1
303 864 1
310 864 1
320 864 1
389 864 1
407 864 1
506 864 1
554 864 1
585 864 1
647 864 1
667 864 1
756 864 1
849 864 1
888 864 1
917 864 1
9 865 1
167 865 1
174 865 1
341 865 1
466 865 1
622 865 1
806 865 1
18 867 1
70 867 1
87 867 1
140 867 1
178 867 1
328 867 1
383 867 1
438 867 1
466 867 1
541 867 1
657 867 1
813 867 1
892 867 1
1005 867 1
1009 867 1
341 869 1
660 869 1
814 869 1
941 869 1
569 870 1
658 870 1
1005 870 1
58 871 1
303 871 1
394 871 1
161 873 1
180 873 1
308 873 1
331 873 1
423 873 1
466 873 1
653 873 1
756 873 1
856 873 1
1005 873 1
16 874 1
49 874 1
87 874 1
171 874 1
337 874 1
339 874 1
389 874 1
423 874 1
506 874 1
541 874 1
544 874 1
576 874 1
622 874 1
722 874 1
756 874 1
773 874 1
881 874 1
888 874 1
976 874 1
713 875 1
881 875 1
16 876 1
18 876 1
87 876 1
198 876 1
299 876 1
341 876 1
407 876 1
523 876 1
756 876 1
779 876 1
806 876 1
833 876 1
889 876 1
899 876 1
506 877 1
524 877 1
585 877 1
600 877 1
795 877 1
951 877 1
70 878 1
105 878 1
126 878 1
128 878 1
270 878 1
406 878 1
421 878 1
466 878 1
554 878 1
695 878 1
87 879 1
147 879 1
585 879 1
756 879 1
9 881 1
29 881 1
68 881 1
69 881 1
87 881 1
104 881 1
140 881 1
167 881 1
168 881 1
171 881 1
174 881 1
255 881 1
267 881 1
303 881 1
313 881 1
322 881 1
328 881 1
341 881 1
384 881 1
407 881 1
413 881 1
422 881 1
455 881 1
456 881 1
457 881 1
466 881 1
494 881 1
506 881 1
569 881 1
695 881 1
722 881 1
756 881 1
769 881 1
779 881 1
795 881 1
806 881 1
830 881 1
874 881 1
875 881 1
885 881 1
899 881 1
917 881 1
978 881 1
1002 881 1
1005 881 1
1019 881 1
365 883 1
754 883 1
845 883 1
68 884 1
425 884 1
17 885 1
18 885 1
89 885 1
104 885 1
140 885 1
156 885 1
180 885 1
213 885 1
243 885 1
250 885 1
288 885 1
302 885 1
303 885 1
328 885 1
341 885 1
352 885 1
388 885 1
406 885 1
407 885 1
423 885 1
442 885 1
504 885 1
552 885 1
569 885 1
579 885 1
600 885 1
653 885 1
658 885 1
674 885 1
720 885 1
756 885 1
779 885 1
813 885 1
836 885 1
845 885 1
848 885 1
881 885 1
917 885 1
928 885 1
999 885 1
337 886 1
354 886 1
450 886 1
719 886 1
720 886 1
925 886 1
951 886 1
9 888 1
17 888 1
25 888 1
48 888 1
49 888 1
139 888 1
140 888 1
158 888 1
167 888 1
180 888 1
208 888 1
254 888 1
255 888 1
280 888 1
321 888 1
331 888 1
340 888 1
341 888 1
376 888 1
406 888 1
423 888 1
466 888 1
506 888 1
542 888 1
660 888 1
756 888 1
806 888 1
813 888 1
836 888 1
855 888 1
864 888 1
874 888 1
889 888 1
917 888 1
934 888 1
1017 888 1
29 889 1
53 889 1
68 889 1
87 889 1
89 889 1
106 889 1
140 889 1
188 889 1
246 889 1
248 889 1
255 889 1
257 889 1
325 889 1
341 889 1
352 889 1
373 889 1
384 889 1
388 889 1
389 889 1
394 889 1
407 889 1
445 889 1
466 889 1
548 889 1
566 889 1
608 889 1
653 889 1
660 889 1
699 889 1
713 889 1
756 889 1
779 889 1
800 889 1
804 889 1
814 889 1
833 889 1
849 889 1
876 889 1
888 889 1
893 889 1
899 889 1
912 889 1
917 889 1
939 889 1
945 889 1
967 889 1
970 889 1
1002 889 1
1005 889 1
1017 889 1
53 891 1
2 892 1
29 892 1
77 892 1
83 892 1
123 892 1
158 892 1
162 892 1
167 892 1
171 892 1
177 892 1
180 892 1
201 892 1
255 892 1
278 892 1
299 892 1
303 892 1
321 892 1
341 892 1
389 892 1
405 892 1
406 892 1
422 892 1
423 892 1
432 892 1
448 892 1
466 892 1
473 892 1
494 892 1
515 892 1
523 892 1
534 892 1
544 892 1
597 892 1
678 892 1
697 892 1
709 892 1
713 892 1
719 892 1
756 892 1
779 892 1
813 892 1
867 892 1
917 892 1
1002 892 1
1005 892 1
1017 892 1
1022 892 1
779 893 1
889 893 1
140 895 1
255 895 1
303 895 1
653 895 1
822 895 1
719 896 1
87 898 1
126 898 1
213 898 1
325 898 1
456 898 1
743 898 1
756 898 1
863 898 1
89 899 1
140 899 1
171 899 1
177 899 1
180 899 1
246 899 1
255 899 1
257 899 1
277 899 1
280 899 1
299 899 1
337 899 1
341 899 1
352 899 1
407 899 1
414 899 1
418 899 1
478 899 1
520 899 1
523 899 1
544 899 1
552 899 1
600 899 1
631 899 1
632 899 1
653 899 1
654 899 1
666 899 1
710 899 1
712 899 1
713 899 1
727 899 1
747 899 1
754 899 1
756 899 1
779 899 1
800 899 1
876 899 1
881 899 1
889 899 1
940 899 1
951 899 1
1005 899 1
341 901 1
641 901 1
756 901 1
917 901 1
941 901 1
1005 901 1
597 902 1
537 905 1
779 905 1
52 907 1
87 907 1
111 907 1
156 907 1
186 907 1
267 907 1
341 907 1
481 907 1
592 907 1
756 907 1
799 907 1
806 907 1
813 907 1
848 907 1
912 907 1
937 907 1
1009 907 1
341 909 1
53 912 1
87 912 1
140 912 1
255 912 1
327 912 1
455 912 1
576 912 1
689 912 1
736 912 1
756 912 1
779 912 1
889 912 1
907 912 1
407 914 1
684 914 1
337 915 1
9 917 1
16 917 1
25 917 1
29 917 1
49 917 1
58 917 1
65 917 1
68 917 1
70 917 1
83 917 1
87 917 1
116 917 1
128 917 1
140 917 1
143 917 1
149 917 1
158 917 1
161 917 1
168 917 1
171 917 1
178 917 1
180 917 1
194 917 1
198 917 1
213 917 1
229 917 1
255 917 1
257 917 1
276 917 1
280 917 1
289 917 1
290 917 1
303 917 1
318 917 1
324 917 1
333 917 1
337 917 1
341 917 1
352 917 1
382 917 1
394 917 1
405 917 1
407 917 1
412 917 1
423 917 1
439 917 1
455 917 1
456 917 1
464 917 1
466 917 1
494 917 1
504 917 1
520 917 1
521 917 1
523 917 1
531 917 1
544 917 1
552 917 1
554 917 1
569 917 1
587 917 1
597 917 1
600 917 1
608 917 1
609 917 1
625 917 1
649 917 1
653 917 1
660 917 1
671 917 1
676 917 1
699 917 1
712 917 1
713 917 1
719 917 1
720 917 1
743 917 1
754 917 1
756 917 1
763 917 1
773 917 1
779 917 1
784 917 1
795 917 1
813 917 1
814 917 1
823 917 1
836 917 1
845 917 1
852 917 1
857 917 1
864 917 1
881 917 1
885 917 1
888 917 1
889 917 1
892 917 1
901 917 1
934 917 1
945 917 1
948 917 1
950 917 1
951 917 1
962 917 1
999 917 1
1005 917 1
1013 917 1
807 918 1
413 919 1
845 919 1
341 920 1
520 920 1
756 920 1
848 920 1
155 922 1
255 922 1
277 922 1
756 922 1
942 922 1
967 922 1
16 923 1
383 923 1
423 923 1
494 923 1
504 923 1
611 923 1
756 923 1
823 923 1
945 923 1
140 924 1
456 924 1
768 924 1
813 924 1
951 924 1
1005 924 1
9 925 1
88 925 1
104 925 1
129 925 1
146 925 1
250 925 1
255 925 1
257 925 1
303 925 1
307 925 1
325 925 1
466 925 1
496 925 1
506 925 1
653 925 1
699 925 1
713 925 1
756 925 1
836 925 1
845 925 1
856 925 1
886 925 1
996 925 1
1005 925 1
18 926 1
303 926 1
394 926 1
423 926 1
810 926 1
383 927 1
18 928 1
68 928 1
140 928 1
255 928 1
278 928 1
291 928 1
350 928 1
466 928 1
625 928 1
667 928 1
756 928 1
779 928 1
795 928 1
885 928 1
965 928 1
1005 928 1
1020 928 1
58 930 1
494 930 1
605 930 1
542 934 1
637 934 1
888 934 1
917 934 1
466 936 1
907 937 1
211 938 1
622 938 1
255 939 1
345 939 1
368 939 1
889 939 1
756 940 1
899 940 1
68 941 1
178 941 1
180 941 1
255 941 1
456 941 1
466 941 1
478 941 1
552 941 1
678 941 1
849 941 1
869 941 1
901 941 1
1005 941 1
87 942 1
140 942 1
466 942 1
653 942 1
690 942 1
786 942 1
922 942 1
9 945 1
25 945 1
29 945 1
49 945 1
87 945 1
89 945 1
140 945 1
158 945 1
205 945 1
255 945 1
257 945 1
277 945 1
303 945 1
312 945 1
337 945 1
345 945 1
352 945 1
358 945 1
383 945 1
389 945 1
400 945 1
406 945 1
448 945 1
455 945 1
456 945 1
466 945 1
490 945 1
503 945 1
528 945 1
574 945 1
608 945 1
609 945 1
611 945 1
636 945 1
653 945 1
656 945 1
660 945 1
671 945 1
682 945 1
704 945 1
716 945 1
747 945 1
756 945 1
773 945 1
779 945 1
797 945 1
814 945 1
822 945 1
842 945 1
889 945 1
917 945 1
923 945 1
1002 945 1
1015 945 1
341 947 1
383 947 1
754 947 1
756 947 1
833 947 1
845 947 1
1020 947 1
9 948 1
90 948 1
102 948 1
106 948 1
137 948 1
140 948 1
174 948 1
391 948 1
398 948 1
407 948 1
506 948 1
537 948 1
544 948 1
567 948 1
605 948 1
756 948 1
917 948 1
671 949 1
917 950 1
18 951 1
25 951 1
137 951 1
177 951 1
190 951 1
205 951 1
255 951 1
257 951 1
268 951 1
277 951 1
278 951 1
299 951 1
304 951 1
327 951 1
341 951 1
348 951 1
352 951 1
423 951 1
464 951 1
466 951 1
494 951 1
506 951 1
523 951 1
537 951 1
567 951 1
568 951 1
569 951 1
611 951 1
625 951 1
649 951 1
660 951 1
713 951 1
756 951 1
759 951 1
794 951 1
877 951 1
886 951 1
899 951 1
917 951 1
924 951 1
1005 951 1
1017 951 1
104 952 1
413 952 1
140 955 1
663 955 1
607 958 1
660 958 1
92 959 1
508 959 1
345 960 1
89 962 1
101 962 1
246 962 1
807 962 1
859 962 1
917 962 1
405 963 1
713 963 1
847 963 1
29 964 1
692 964 1
848 964 1
83 965 1
177 965 1
423 965 1
928 965 1
188 967 1
255 967 1
677 967 1
756 967 1
845 967 1
889 967 1
922 967 1
104 968 1
423 969 1
506 969 1
611 969 1
756 969 1
139 970 1
255 970 1
544 970 1
554 970 1
641 970 1
756 970 1
844 970 1
889 970 1
267 971 1
307 971 1
756 972 1
581 974 1
874 976 1
140 977 1
341 978 1
658 978 1
779 978 1
881 978 1
779 980 1
779 981 1
341 985 1
480 985 1
589 985 1
756 985 1
97 990 1
795 990 1
87 991 1
140 991 1
255 991 1
322 991 1
345 991 1
494 991 1
695 991 1
756 993 1
250 994 1
756 994 1
128 996 1
164 996 1
925 996 1
1005 996 1
756 998 1
504 999 1
569 999 1
756 999 1
885 999 1
917 999 1
1005 999 1
263 1000 1
653 1000 1
756 1000 1
800 1000 1
1005 1000 1
9 1002 1
49 1002 1
87 1002 1
126 1002 1
178 1002 1
266 1002 1
290 1002 1
299 1002 1
303 1002 1
341 1002 1
352 1002 1
394 1002 1
406 1002 1
407 1002 1
434 1002 1
455 1002 1
466 1002 1
494 1002 1
501 1002 1
520 1002 1
563 1002 1
596 1002 1
600 1002 1
651 1002 1
653 1002 1
660 1002 1
722 1002 1
756 1002 1
779 1002 1
798 1002 1
813 1002 1
818 1002 1
881 1002 1
889 1002 1
892 1002 1
945 1002 1
255 1003 1
569 1003 1
438 1004 1
740 1004 1
756 1004 1
9 1005 1
15 1005 1
20 1005 1
29 1005 1
49 1005 1
68 1005 1
70 1005 1
87 1005 1
89 1005 1
90 1005 1
104 1005 1
123 1005 1
140 1005 1
147 1005 1
152 1005 1
157 1005 1
158 1005 1
174 1005 1
188 1005 1
193 1005 1
195 1005 1
213 1005 1
245 1005 1
255 1005 1
257 1005 1
267 1005 1
282 1005 1
288 1005 1
299 1005 1
303 1005 1
322 1005 1
331 1005 1
333 1005 1
337 1005 1
341 1005 1
383 1005 1
389 1005 1
404 1005 1
405 1005 1
413 1005 1
416 1005 1
423 1005 1
430 1005 1
448 1005 1
451 1005 1
455 1005 1
466 1005 1
471 1005 1
482 1005 1
501 1005 1
503 1005 1
509 1005 1
520 1005 1
523 1005 1
536 1005 1
552 1005 1
562 1005 1
579 1005 1
597 1005 1
600 1005 1
625 1005 1
637 1005 1
645 1005 1
654 1005 1
655 1005 1
656 1005 1
659 1005 1
666 1005 1
687 1005 1
697 1005 1
713 1005 1
719 1005 1
726 1005 1
756 1005 1
768 1005 1
779 1005 1
800 1005 1
810 1005 1
813 1005 1
814 1005 1
822 1005 1
836 1005 1
841 1005 1
848 1005 1
852 1005 1
853 1005 1
859 1005 1
860 1005 1
867 1005 1
870 1005 1
873 1005 1
881 1005 1
889 1005 1
892 1005 1
899 1005 1
901 1005 1
917 1005 1
924 1005 1
925 1005 1
928 1005 1
941 1005 1
951 1005 1
996 1005 1
999 1005 1
1000 1005 1
1014 1005 1
1017 1005 1
1019 1005 1
255 1007 1
303 1008 1
756 1008 1
9 1009 1
40 1009 1
106 1009 1
157 1009 1
255 1009 1
341 1009 1
494 1009 1
561 1009 1
585 1009 1
660 1009 1
697 1009 1
754 1009 1
756 1009 1
779 1009 1
813 1009 1
814 1009 1
867 1009 1
907 1009 1
1014 1009 1
691 1010 1
671 1011 1
68 1012 1
588 1012 1
403 1013 1
521 1013 1
637 1013 1
756 1013 1
917 1013 1
111 1014 1
156 1014 1
180 1014 1
303 1014 1
328 1014 1
352 1014 1
613 1014 1
719 1014 1
754 1014 1
756 1014 1
779 1014 1
1005 1014 1
1009 1014 1
405 1015 1
423 1015 1
945 1015 1
466 1016 1
506 1016 1
140 1017 1
177 1017 1
255 1017 1
266 1017 1
423 1017 1
494 1017 1
697 1017 1
823 1017 1
888 1017 1
889 1017 1
892 1017 1
951 1017 1
1005 1017 1
178 1018 1
423 1018 1
49 1019 1
87 1019 1
158 1019 1
303 1019 1
351 1019 1
407 1019 1
430 1019 1
448 1019 1
466 1019 1
506 1019 1
523 1019 1
653 1019 1
754 1019 1
881 1019 1
1005 1019 1
9 1020 1
48 1020 1
263 1020 1
298 1020 1
299 1020 1
341 1020 1
400 1020 1
404 1020 1
438 1020 1
463 1020 1
653 1020 1
754 1020 1
756 1020 1
771 1020 1
784 1020 1
928 1020 1
947 1020 1
78 1022 1
99 1022 1
146 1022 1
303 1022 1
341 1022 1
406 1022 1
638 1022 1
756 1022 1
786 1022 1
795 1022 1
822 1022 1
833 1022 1
859 1022 1
892 1022 1
81 1023 1
246 1023 1
352 1023 1
756 1023 1
