10 1 1
12 1 1
14 1 1
18 1 1
46 1 1
60 1 1
6 3 1
15 3 1
48 3 1
49 3 1
56 3 1
12 4 1
54 5 1
3 6 1
9 6 1
15 6 1
18 6 1
23 6 1
34 6 1
41 6 1
49 6 1
50 6 1
54 6 1
57 6 1
60 6 1
62 6 1
18 8 1
6 9 1
18 9 1
1 10 1
12 11 1
18 11 1
50 11 1
51 11 1
54 11 1
59 11 1
1 12 1
4 12 1
11 12 1
13 12 1
18 12 1
32 12 1
41 12 1
49 12 1
51 12 1
52 12 1
54 12 1
55 12 1
56 12 1
57 12 1
60 12 1
62 12 1
12 13 1
18 13 1
31 13 1
1 14 1
54 14 1
3 15 1
6 15 1
44 16 1
18 17 1
1 18 1
6 18 1
8 18 1
9 18 1
11 18 1
12 18 1
13 18 1
17 18 1
34 18 1
38 18 1
41 18 1
43 18 1
44 18 1
46 18 1
47 18 1
48 18 1
54 18 1
55 18 1
60 18 1
62 18 1
64 18 1
41 22 1
6 23 1
31 27 1
54 28 1
62 28 1
32 30 1
62 30 1
13 31 1
27 31 1
48 31 1
49 31 1
51 31 1
54 31 1
59 31 1
60 31 1
12 32 1
30 32 1
41 32 1
54 32 1
60 32 1
6 34 1
18 34 1
52 34 1
60 34 1
62 36 1
18 38 1
54 38 1
6 41 1
12 41 1
18 41 1
22 41 1
32 41 1
51 41 1
18 43 1
16 44 1
18 44 1
1 46 1
18 46 1
18 47 1
3 48 1
18 48 1
31 48 1
62 48 1
3 49 1
6 49 1
12 49 1
31 49 1
6 50 1
11 50 1
11 51 1
12 51 1
31 51 1
41 51 1
62 51 1
12 52 1
34 52 1
62 52 1
5 54 1
6 54 1
11 54 1
12 54 1
14 54 1
18 54 1
28 54 1
31 54 1
32 54 1
38 54 1
60 54 1
12 55 1
18 55 1
62 55 1
3 56 1
12 56 1
62 56 1
6 57 1
12 57 1
11 59 1
31 59 1
1 60 1
6 60 1
12 60 1
18 60 1
31 60 1
32 60 1
34 60 1
54 60 1
6 62 1
12 62 1
18 62 1
28 62 1
30 62 1
36 62 1
48 62 1
51 62 1
52 62 1
55 62 1
56 62 1
18 64 1
